99, 9
99, 8
99, 8
99, 7
99, 7
99, 56
99, 56
99, 54
99, 54
99, 51
99, 5
99, 5
99, 5
99, 40
99, 4
99, 38
99, 37
99, 36
99, 32
99, 31
99, 31
99, 30
99, 30
99, 30
99, 3
99, 3
99, 28
99, 28
99, 27
99, 27
99, 26
99, 25
99, 24
99, 23
99, 23
99, 22
99, 22
99, 22
99, 21
99, 21
99, 20
99, 2
99, 19
99, 19
99, 18
99, 18
99, 17
99, 17
99, 17
99, 14
99, 14
99, 10
99, 1
98, 8
98, 8
98, 8
98, 8
98, 7
98, 7
98, 7
98, 6
98, 6
98, 55
98, 55
98, 53
98, 52
98, 51
98, 5
98, 5
98, 44
98, 4
98, 4
98, 38
98, 34
98, 32
98, 31
98, 31
98, 31
98, 3
98, 3
98, 3
98, 3
98, 3
98, 29
98, 29
98, 28
98, 26
98, 25
98, 24
98, 24
98, 23
98, 22
98, 21
98, 21
98, 20
98, 20
98, 20
98, 2
98, 2
98, 2
98, 19
98, 19
98, 17
98, 17
98, 17
98, 16
98, 13
98, 13
98, 13
98, 12
98, 10
98, 10
97, 7
97, 7
97, 6
97, 6
97, 52
97, 5
97, 5
97, 5
97, 48
97, 47
97, 46
97, 43
97, 41
97, 40
97, 4
97, 4
97, 4
97, 38
97, 37
97, 31
97, 3
97, 3
97, 29
97, 29
97, 28
97, 28
97, 26
97, 25
97, 25
97, 24
97, 23
97, 23
97, 22
97, 21
97, 20
97, 20
97, 2
97, 2
97, 2
97, 19
97, 19
97, 19
97, 19
97, 19
97, 19
97, 18
97, 17
97, 17
97, 17
97, 17
97, 14
97, 10
96, 8
96, 8
96, 6
96, 56
96, 52
96, 49
96, 48
96, 42
96, 41
96, 40
96, 40
96, 4
96, 4
96, 38
96, 35
96, 35
96, 35
96, 34
96, 32
96, 31
96, 30
96, 30
96, 3
96, 3
96, 3
96, 29
96, 28
96, 28
96, 27
96, 26
96, 25
96, 25
96, 24
96, 24
96, 24
96, 23
96, 22
96, 22
96, 21
96, 21
96, 21
96, 20
96, 20
96, 19
96, 19
96, 19
96, 19
96, 19
96, 19
96, 18
96, 18
96, 18
96, 17
96, 16
96, 15
96, 14
96, 1
95, 8
95, 7
95, 7
95, 7
95, 5
95, 5
95, 42
95, 40
95, 4
95, 4
95, 4
95, 39
95, 39
95, 38
95, 37
95, 35
95, 33
95, 33
95, 32
95, 30
95, 3
95, 3
95, 3
95, 3
95, 28
95, 27
95, 26
95, 26
95, 25
95, 25
95, 24
95, 24
95, 23
95, 23
95, 23
95, 22
95, 22
95, 22
95, 22
95, 21
95, 21
95, 20
95, 20
95, 2
95, 2
95, 2
95, 2
95, 19
95, 18
95, 18
95, 17
95, 16
95, 12
95, 11
95, 10
95, 10
95, 1
95, 1
95, 1
95, 1
95, 1
94, 8
94, 8
94, 8
94, 7
94, 7
94, 7
94, 6
94, 57
94, 56
94, 54
94, 54
94, 5
94, 5
94, 49
94, 49
94, 47
94, 46
94, 43
94, 40
94, 39
94, 32
94, 32
94, 31
94, 30
94, 30
94, 30
94, 29
94, 28
94, 28
94, 27
94, 27
94, 27
94, 27
94, 27
94, 26
94, 26
94, 26
94, 25
94, 25
94, 24
94, 21
94, 21
94, 20
94, 20
94, 20
94, 2
94, 2
94, 19
94, 19
94, 19
94, 18
94, 18
94, 18
94, 17
94, 16
94, 13
94, 11
94, 1
94, 1
93, 8
93, 7
93, 6
93, 6
93, 6
93, 6
93, 6
93, 6
93, 55
93, 53
93, 52
93, 52
93, 5
93, 5
93, 48
93, 44
93, 43
93, 42
93, 42
93, 41
93, 4
93, 38
93, 34
93, 33
93, 32
93, 32
93, 32
93, 32
93, 31
93, 3
93, 3
93, 28
93, 28
93, 27
93, 26
93, 24
93, 23
93, 22
93, 22
93, 22
93, 21
93, 21
93, 21
93, 20
93, 20
93, 2
93, 19
93, 19
93, 15
93, 15
93, 14
93, 13
93, 13
93, 12
92, 8
92, 7
92, 6
92, 6
92, 54
92, 53
92, 51
92, 50
92, 5
92, 5
92, 48
92, 48
92, 47
92, 47
92, 46
92, 46
92, 45
92, 43
92, 40
92, 4
92, 4
92, 4
92, 37
92, 36
92, 32
92, 30
92, 30
92, 3
92, 3
92, 3
92, 29
92, 28
92, 27
92, 27
92, 26
92, 25
92, 25
92, 24
92, 23
92, 23
92, 23
92, 23
92, 22
92, 22
92, 22
92, 22
92, 20
92, 20
92, 20
92, 2
92, 19
92, 19
92, 18
92, 18
92, 18
92, 18
92, 15
92, 14
92, 12
92, 10
92, 10
92, 1
92, 1
92, 1
91, 8
91, 8
91, 7
91, 7
91, 6
91, 57
91, 55
91, 55
91, 52
91, 52
91, 51
91, 51
91, 5
91, 5
91, 5
91, 48
91, 46
91, 45
91, 42
91, 42
91, 4
91, 4
91, 37
91, 35
91, 34
91, 32
91, 32
91, 31
91, 31
91, 31
91, 30
91, 3
91, 3
91, 3
91, 26
91, 25
91, 24
91, 24
91, 23
91, 23
91, 22
91, 22
91, 21
91, 21
91, 2
91, 2
91, 19
91, 19
91, 19
91, 19
91, 18
91, 18
91, 18
91, 18
91, 17
91, 13
91, 11
91, 10
91, 1
91, 1
91, 1
90, 8
90, 8
90, 8
90, 7
90, 7
90, 7
90, 7
90, 6
90, 6
90, 6
90, 57
90, 5
90, 5
90, 5
90, 48
90, 45
90, 45
90, 4
90, 4
90, 39
90, 38
90, 37
90, 35
90, 34
90, 34
90, 31
90, 31
90, 3
90, 3
90, 3
90, 29
90, 27
90, 27
90, 27
90, 27
90, 26
90, 26
90, 25
90, 25
90, 24
90, 24
90, 23
90, 23
90, 23
90, 23
90, 22
90, 22
90, 22
90, 22
90, 22
90, 21
90, 20
90, 20
90, 20
90, 20
90, 20
90, 20
90, 20
90, 20
90, 19
90, 19
90, 19
90, 19
90, 19
90, 18
90, 18
90, 17
90, 12
90, 11
90, 11
90, 1
9, 9
9, 8
9, 8
9, 8
9, 6
9, 6
9, 54
9, 50
9, 5
9, 5
9, 5
9, 44
9, 41
9, 4
9, 32
9, 32
9, 3
9, 28
9, 27
9, 27
9, 27
9, 26
9, 26
9, 25
9, 23
9, 21
9, 21
9, 20
9, 20
9, 20
9, 19
9, 18
9, 17
9, 16
9, 15
9, 15
9, 15
9, 12
9, 12
9, 1
9, 1
9, 1
89, 7
89, 7
89, 6
89, 6
89, 6
89, 6
89, 55
89, 54
89, 5
89, 5
89, 5
89, 48
89, 46
89, 45
89, 45
89, 4
89, 4
89, 4
89, 35
89, 32
89, 32
89, 32
89, 31
89, 31
89, 27
89, 26
89, 26
89, 25
89, 25
89, 24
89, 24
89, 24
89, 24
89, 24
89, 23
89, 23
89, 22
89, 22
89, 21
89, 21
89, 21
89, 21
89, 21
89, 20
89, 19
89, 19
89, 18
89, 18
89, 18
89, 17
89, 17
89, 17
89, 16
89, 15
89, 15
89, 14
89, 13
89, 10
89, 1
89, 1
88, 9
88, 9
88, 8
88, 7
88, 6
88, 6
88, 6
88, 6
88, 6
88, 52
88, 5
88, 5
88, 49
88, 48
88, 47
88, 46
88, 45
88, 43
88, 41
88, 40
88, 4
88, 36
88, 35
88, 33
88, 33
88, 31
88, 3
88, 3
88, 3
88, 3
88, 3
88, 29
88, 28
88, 26
88, 26
88, 25
88, 25
88, 24
88, 24
88, 23
88, 21
88, 21
88, 21
88, 21
88, 20
88, 2
88, 2
88, 2
88, 2
88, 19
88, 19
88, 19
88, 19
88, 18
88, 18
88, 17
88, 17
88, 16
88, 15
88, 15
88, 15
88, 11
88, 1
88, 1
87, 9
87, 8
87, 8
87, 8
87, 8
87, 8
87, 8
87, 8
87, 7
87, 7
87, 6
87, 6
87, 6
87, 6
87, 6
87, 56
87, 55
87, 55
87, 51
87, 51
87, 50
87, 50
87, 5
87, 5
87, 5
87, 48
87, 46
87, 43
87, 43
87, 4
87, 4
87, 39
87, 38
87, 34
87, 30
87, 3
87, 3
87, 3
87, 29
87, 29
87, 29
87, 28
87, 27
87, 26
87, 24
87, 23
87, 23
87, 23
87, 22
87, 22
87, 22
87, 22
87, 22
87, 21
87, 2
87, 2
87, 19
87, 19
87, 18
87, 18
87, 18
87, 18
87, 18
87, 15
87, 13
87, 12
87, 12
87, 1
87, 1
86, 7
86, 6
86, 6
86, 57
86, 56
86, 52
86, 5
86, 5
86, 5
86, 47
86, 47
86, 45
86, 41
86, 41
86, 4
86, 37
86, 37
86, 32
86, 32
86, 30
86, 3
86, 3
86, 3
86, 29
86, 29
86, 28
86, 27
86, 26
86, 26
86, 24
86, 23
86, 23
86, 23
86, 22
86, 21
86, 21
86, 21
86, 2
86, 19
86, 18
86, 16
86, 15
86, 15
86, 14
86, 13
86, 13
86, 11
86, 10
86, 1
85, 9
85, 8
85, 8
85, 8
85, 8
85, 6
85, 6
85, 6
85, 57
85, 57
85, 56
85, 50
85, 5
85, 5
85, 5
85, 5
85, 5
85, 5
85, 45
85, 43
85, 43
85, 36
85, 33
85, 30
85, 3
85, 29
85, 29
85, 28
85, 28
85, 28
85, 26
85, 26
85, 26
85, 26
85, 25
85, 25
85, 24
85, 24
85, 23
85, 23
85, 23
85, 22
85, 21
85, 21
85, 20
85, 20
85, 20
85, 2
85, 2
85, 2
85, 19
85, 19
85, 18
85, 17
85, 17
85, 17
85, 16
85, 13
85, 12
85, 12
85, 1
84, 7
84, 7
84, 7
84, 6
84, 6
84, 6
84, 6
84, 57
84, 57
84, 56
84, 53
84, 53
84, 53
84, 5
84, 5
84, 47
84, 45
84, 42
84, 42
84, 4
84, 4
84, 4
84, 38
84, 32
84, 32
84, 32
84, 32
84, 32
84, 31
84, 30
84, 3
84, 3
84, 29
84, 29
84, 28
84, 28
84, 28
84, 28
84, 28
84, 25
84, 25
84, 24
84, 24
84, 22
84, 22
84, 20
84, 20
84, 2
84, 2
84, 2
84, 2
84, 2
84, 19
84, 19
84, 19
84, 18
84, 18
84, 17
84, 15
84, 14
84, 14
84, 10
84, 10
84, 1
83, 9
83, 8
83, 8
83, 8
83, 8
83, 7
83, 7
83, 6
83, 57
83, 51
83, 5
83, 46
83, 45
83, 44
83, 42
83, 42
83, 41
83, 40
83, 38
83, 37
83, 34
83, 32
83, 31
83, 31
83, 3
83, 3
83, 28
83, 28
83, 25
83, 25
83, 25
83, 24
83, 24
83, 24
83, 23
83, 23
83, 22
83, 22
83, 21
83, 20
83, 20
83, 20
83, 20
83, 2
83, 2
83, 2
83, 19
83, 19
83, 17
83, 13
83, 12
83, 12
83, 11
83, 11
83, 1
83, 1
82, 8
82, 7
82, 7
82, 6
82, 6
82, 6
82, 6
82, 57
82, 53
82, 52
82, 52
82, 51
82, 51
82, 5
82, 5
82, 5
82, 48
82, 47
82, 37
82, 36
82, 35
82, 33
82, 32
82, 31
82, 31
82, 30
82, 3
82, 29
82, 26
82, 25
82, 25
82, 25
82, 24
82, 23
82, 23
82, 23
82, 22
82, 22
82, 21
82, 21
82, 20
82, 2
82, 2
82, 19
82, 19
82, 18
82, 18
82, 17
82, 16
82, 16
82, 14
82, 14
82, 14
82, 13
82, 12
82, 11
82, 11
82, 11
82, 10
82, 10
82, 10
82, 10
82, 1
82, 1
82, 1
81, 9
81, 9
81, 8
81, 8
81, 8
81, 6
81, 6
81, 6
81, 57
81, 52
81, 51
81, 50
81, 5
81, 44
81, 42
81, 40
81, 4
81, 4
81, 39
81, 38
81, 32
81, 32
81, 32
81, 31
81, 30
81, 30
81, 3
81, 29
81, 29
81, 27
81, 26
81, 26
81, 25
81, 24
81, 24
81, 23
81, 23
81, 22
81, 21
81, 20
81, 20
81, 20
81, 19
81, 19
81, 19
81, 19
81, 19
81, 18
81, 18
81, 18
81, 14
81, 11
80, 8
80, 8
80, 8
80, 8
80, 7
80, 6
80, 6
80, 57
80, 57
80, 56
80, 56
80, 53
80, 50
80, 5
80, 5
80, 5
80, 46
80, 45
80, 45
80, 45
80, 40
80, 34
80, 33
80, 33
80, 32
80, 31
80, 31
80, 30
80, 30
80, 30
80, 30
80, 3
80, 29
80, 29
80, 26
80, 26
80, 26
80, 25
80, 24
80, 23
80, 23
80, 22
80, 22
80, 21
80, 21
80, 21
80, 20
80, 20
80, 2
80, 19
80, 18
80, 18
80, 17
80, 17
80, 17
80, 14
80, 13
80, 11
80, 10
80, 1
80, 1
80, 1
8, 9
8, 9
8, 8
8, 8
8, 8
8, 8
8, 8
8, 8
8, 8
8, 7
8, 53
8, 50
8, 5
8, 47
8, 46
8, 41
8, 41
8, 38
8, 33
8, 32
8, 31
8, 31
8, 31
8, 3
8, 29
8, 28
8, 27
8, 26
8, 26
8, 25
8, 24
8, 23
8, 23
8, 22
8, 22
8, 22
8, 22
8, 21
8, 17
8, 17
8, 16
8, 16
8, 10
8, 10
8, 10
8, 1
8, 1
8, 1
79, 8
79, 8
79, 7
79, 6
79, 50
79, 5
79, 47
79, 46
79, 46
79, 45
79, 44
79, 4
79, 4
79, 4
79, 4
79, 4
79, 37
79, 36
79, 35
79, 32
79, 30
79, 3
79, 3
79, 3
79, 28
79, 26
79, 25
79, 24
79, 24
79, 24
79, 24
79, 23
79, 23
79, 23
79, 23
79, 23
79, 22
79, 21
79, 20
79, 20
79, 2
79, 18
79, 18
79, 16
79, 14
79, 13
79, 12
79, 11
79, 1
79, 1
79, 1
78, 9
78, 9
78, 8
78, 8
78, 8
78, 7
78, 7
78, 6
78, 6
78, 57
78, 56
78, 54
78, 52
78, 52
78, 51
78, 5
78, 5
78, 47
78, 42
78, 42
78, 4
78, 4
78, 4
78, 39
78, 37
78, 37
78, 35
78, 32
78, 32
78, 32
78, 31
78, 31
78, 30
78, 30
78, 30
78, 3
78, 29
78, 29
78, 27
78, 27
78, 25
78, 25
78, 24
78, 24
78, 23
78, 23
78, 23
78, 23
78, 22
78, 22
78, 21
78, 20
78, 20
78, 20
78, 20
78, 2
78, 19
78, 19
78, 19
78, 19
78, 19
78, 18
78, 18
78, 17
78, 15
78, 12
78, 11
78, 10
77, 8
77, 8
77, 8
77, 8
77, 7
77, 7
77, 7
77, 7
77, 6
77, 6
77, 6
77, 57
77, 57
77, 56
77, 55
77, 54
77, 52
77, 5
77, 5
77, 5
77, 5
77, 48
77, 46
77, 45
77, 41
77, 40
77, 40
77, 4
77, 35
77, 34
77, 32
77, 31
77, 31
77, 30
77, 3
77, 3
77, 3
77, 3
77, 3
77, 3
77, 3
77, 3
77, 3
77, 29
77, 27
77, 27
77, 26
77, 25
77, 24
77, 24
77, 23
77, 23
77, 23
77, 22
77, 22
77, 22
77, 22
77, 21
77, 20
77, 2
77, 2
77, 2
77, 19
77, 18
77, 18
77, 17
77, 13
77, 13
77, 10
77, 1
76, 8
76, 8
76, 8
76, 8
76, 8
76, 7
76, 7
76, 7
76, 7
76, 6
76, 55
76, 54
76, 53
76, 52
76, 51
76, 50
76, 5
76, 5
76, 47
76, 44
76, 43
76, 42
76, 41
76, 4
76, 39
76, 36
76, 32
76, 3
76, 3
76, 28
76, 27
76, 26
76, 26
76, 26
76, 24
76, 24
76, 23
76, 21
76, 21
76, 21
76, 21
76, 21
76, 21
76, 2
76, 2
76, 19
76, 19
76, 19
76, 15
76, 13
76, 1
75, 8
75, 7
75, 7
75, 7
75, 6
75, 6
75, 56
75, 5
75, 5
75, 5
75, 5
75, 5
75, 5
75, 49
75, 49
75, 46
75, 44
75, 43
75, 40
75, 4
75, 4
75, 37
75, 33
75, 31
75, 3
75, 3
75, 3
75, 29
75, 28
75, 27
75, 27
75, 26
75, 25
75, 25
75, 25
75, 25
75, 24
75, 23
75, 23
75, 23
75, 23
75, 23
75, 23
75, 22
75, 22
75, 21
75, 21
75, 21
75, 21
75, 21
75, 20
75, 2
75, 2
75, 2
75, 2
75, 19
75, 18
75, 18
75, 18
75, 18
75, 18
75, 17
75, 17
75, 13
75, 12
75, 12
75, 10
75, 10
75, 1
74, 9
74, 8
74, 8
74, 8
74, 7
74, 7
74, 7
74, 6
74, 6
74, 6
74, 6
74, 6
74, 6
74, 57
74, 56
74, 56
74, 52
74, 49
74, 42
74, 42
74, 41
74, 4
74, 4
74, 39
74, 37
74, 37
74, 37
74, 36
74, 35
74, 34
74, 34
74, 33
74, 31
74, 30
74, 3
74, 3
74, 3
74, 29
74, 29
74, 26
74, 26
74, 25
74, 25
74, 24
74, 24
74, 23
74, 22
74, 22
74, 22
74, 2
74, 19
74, 19
74, 18
74, 17
74, 17
74, 17
74, 17
74, 13
74, 1
73, 8
73, 8
73, 7
73, 6
73, 6
73, 57
73, 57
73, 55
73, 55
73, 53
73, 52
73, 51
73, 5
73, 44
73, 40
73, 4
73, 4
73, 39
73, 36
73, 34
73, 33
73, 30
73, 3
73, 3
73, 3
73, 29
73, 28
73, 27
73, 26
73, 26
73, 24
73, 24
73, 23
73, 23
73, 23
73, 23
73, 21
73, 21
73, 21
73, 20
73, 20
73, 2
73, 19
73, 19
73, 19
73, 18
73, 18
73, 18
73, 17
73, 17
73, 17
73, 12
73, 11
73, 1
72, 9
72, 7
72, 7
72, 7
72, 6
72, 6
72, 56
72, 56
72, 55
72, 52
72, 50
72, 50
72, 49
72, 48
72, 48
72, 48
72, 47
72, 45
72, 44
72, 44
72, 44
72, 44
72, 42
72, 42
72, 41
72, 4
72, 39
72, 38
72, 37
72, 35
72, 34
72, 33
72, 32
72, 32
72, 32
72, 31
72, 31
72, 3
72, 3
72, 29
72, 29
72, 27
72, 27
72, 26
72, 26
72, 24
72, 23
72, 23
72, 23
72, 23
72, 20
72, 20
72, 20
72, 2
72, 2
72, 2
72, 19
72, 19
72, 19
72, 18
72, 18
72, 18
72, 17
72, 17
72, 16
72, 16
72, 13
72, 12
72, 12
72, 11
72, 10
72, 1
71, 9
71, 9
71, 8
71, 8
71, 6
71, 6
71, 6
71, 56
71, 53
71, 51
71, 51
71, 5
71, 5
71, 5
71, 5
71, 5
71, 49
71, 49
71, 47
71, 44
71, 43
71, 43
71, 4
71, 4
71, 37
71, 36
71, 31
71, 31
71, 3
71, 29
71, 29
71, 28
71, 26
71, 25
71, 24
71, 24
71, 24
71, 23
71, 23
71, 23
71, 22
71, 22
71, 21
71, 21
71, 21
71, 20
71, 20
71, 20
71, 20
71, 2
71, 12
71, 10
70, 8
70, 7
70, 7
70, 6
70, 6
70, 6
70, 6
70, 57
70, 57
70, 56
70, 55
70, 55
70, 54
70, 50
70, 50
70, 5
70, 48
70, 46
70, 42
70, 41
70, 4
70, 4
70, 4
70, 39
70, 34
70, 32
70, 32
70, 32
70, 31
70, 30
70, 28
70, 28
70, 25
70, 24
70, 24
70, 24
70, 24
70, 23
70, 23
70, 22
70, 21
70, 21
70, 20
70, 20
70, 20
70, 19
70, 19
70, 18
70, 17
70, 17
70, 16
70, 10
70, 10
70, 1
70, 1
7, 9
7, 8
7, 8
7, 7
7, 7
7, 7
7, 7
7, 7
7, 6
7, 6
7, 6
7, 6
7, 57
7, 57
7, 55
7, 55
7, 52
7, 5
7, 5
7, 48
7, 48
7, 46
7, 45
7, 45
7, 43
7, 41
7, 40
7, 40
7, 40
7, 4
7, 39
7, 37
7, 36
7, 31
7, 30
7, 30
7, 30
7, 3
7, 3
7, 28
7, 28
7, 28
7, 27
7, 26
7, 26
7, 26
7, 25
7, 25
7, 24
7, 23
7, 23
7, 23
7, 22
7, 22
7, 21
7, 20
7, 20
7, 2
7, 2
7, 19
7, 19
7, 18
7, 18
7, 17
7, 17
7, 17
7, 15
7, 13
7, 10
7, 1
7, 1
7, 1
69, 8
69, 8
69, 7
69, 6
69, 6
69, 6
69, 57
69, 56
69, 56
69, 5
69, 46
69, 4
69, 4
69, 4
69, 39
69, 36
69, 36
69, 36
69, 35
69, 31
69, 30
69, 3
69, 29
69, 28
69, 28
69, 27
69, 27
69, 26
69, 25
69, 24
69, 23
69, 23
69, 22
69, 21
69, 20
69, 2
69, 2
69, 19
69, 19
69, 19
69, 19
69, 18
69, 18
69, 17
69, 17
69, 17
69, 17
69, 15
69, 11
69, 1
69, 1
69, 1
68, 8
68, 8
68, 7
68, 7
68, 7
68, 7
68, 6
68, 6
68, 57
68, 56
68, 53
68, 53
68, 52
68, 50
68, 5
68, 5
68, 47
68, 47
68, 47
68, 44
68, 44
68, 41
68, 4
68, 4
68, 35
68, 35
68, 35
68, 34
68, 32
68, 31
68, 31
68, 30
68, 30
68, 3
68, 3
68, 3
68, 29
68, 28
68, 28
68, 27
68, 27
68, 27
68, 27
68, 27
68, 26
68, 25
68, 24
68, 24
68, 24
68, 24
68, 23
68, 22
68, 21
68, 21
68, 21
68, 20
68, 20
68, 20
68, 2
68, 19
68, 19
68, 18
68, 18
68, 18
68, 18
68, 17
68, 17
68, 17
68, 15
68, 14
68, 13
68, 13
68, 12
68, 11
68, 1
67, 9
67, 8
67, 8
67, 8
67, 7
67, 7
67, 7
67, 6
67, 51
67, 5
67, 48
67, 47
67, 45
67, 45
67, 42
67, 4
67, 32
67, 31
67, 31
67, 3
67, 3
67, 28
67, 28
67, 28
67, 26
67, 26
67, 26
67, 24
67, 23
67, 23
67, 23
67, 22
67, 22
67, 22
67, 21
67, 21
67, 21
67, 21
67, 21
67, 20
67, 2
67, 19
67, 19
67, 18
67, 17
67, 13
66, 9
66, 8
66, 8
66, 8
66, 6
66, 57
66, 54
66, 53
66, 51
66, 51
66, 51
66, 51
66, 5
66, 5
66, 5
66, 48
66, 45
66, 4
66, 37
66, 34
66, 34
66, 32
66, 32
66, 32
66, 30
66, 3
66, 3
66, 25
66, 24
66, 24
66, 23
66, 23
66, 23
66, 23
66, 23
66, 22
66, 22
66, 21
66, 21
66, 21
66, 21
66, 20
66, 20
66, 19
66, 18
66, 18
66, 18
66, 17
66, 17
66, 17
66, 17
66, 12
66, 11
66, 11
66, 11
66, 10
65, 8
65, 8
65, 7
65, 7
65, 7
65, 7
65, 7
65, 6
65, 6
65, 57
65, 55
65, 55
65, 54
65, 54
65, 53
65, 53
65, 52
65, 52
65, 50
65, 5
65, 5
65, 48
65, 43
65, 43
65, 42
65, 4
65, 4
65, 36
65, 33
65, 32
65, 32
65, 32
65, 32
65, 30
65, 3
65, 3
65, 3
65, 29
65, 28
65, 28
65, 25
65, 24
65, 23
65, 22
65, 22
65, 21
65, 20
65, 20
65, 20
65, 18
65, 18
65, 18
65, 18
65, 17
65, 17
65, 15
65, 15
65, 14
65, 13
65, 10
64, 9
64, 9
64, 9
64, 8
64, 7
64, 6
64, 57
64, 57
64, 55
64, 53
64, 52
64, 5
64, 5
64, 5
64, 47
64, 46
64, 44
64, 44
64, 42
64, 41
64, 40
64, 40
64, 4
64, 4
64, 4
64, 38
64, 34
64, 32
64, 32
64, 32
64, 32
64, 31
64, 31
64, 30
64, 3
64, 3
64, 28
64, 28
64, 28
64, 28
64, 27
64, 26
64, 25
64, 25
64, 24
64, 23
64, 22
64, 21
64, 21
64, 20
64, 20
64, 20
64, 2
64, 2
64, 2
64, 2
64, 2
64, 2
64, 2
64, 2
64, 2
64, 19
64, 19
64, 19
64, 18
64, 18
64, 17
64, 15
64, 11
64, 1
64, 1
64, 1
64, 1
63, 9
63, 9
63, 8
63, 8
63, 8
63, 8
63, 7
63, 6
63, 51
63, 51
63, 5
63, 5
63, 48
63, 47
63, 40
63, 4
63, 4
63, 4
63, 32
63, 31
63, 31
63, 3
63, 3
63, 3
63, 3
63, 29
63, 26
63, 24
63, 24
63, 24
63, 23
63, 23
63, 22
63, 21
63, 21
63, 20
63, 20
63, 20
63, 20
63, 2
63, 18
63, 18
63, 17
63, 16
63, 15
63, 15
63, 15
63, 13
63, 12
63, 12
63, 11
62, 8
62, 8
62, 8
62, 8
62, 7
62, 6
62, 6
62, 57
62, 54
62, 53
62, 51
62, 50
62, 5
62, 5
62, 5
62, 5
62, 5
62, 45
62, 45
62, 41
62, 39
62, 39
62, 37
62, 37
62, 32
62, 3
62, 3
62, 29
62, 29
62, 28
62, 28
62, 27
62, 26
62, 24
62, 24
62, 24
62, 24
62, 23
62, 22
62, 22
62, 22
62, 21
62, 21
62, 21
62, 20
62, 20
62, 20
62, 2
62, 2
62, 2
62, 2
62, 19
62, 18
62, 18
62, 18
62, 18
62, 17
62, 17
62, 17
62, 16
62, 16
62, 13
62, 13
62, 1
61, 8
61, 8
61, 6
61, 6
61, 6
61, 54
61, 51
61, 5
61, 5
61, 43
61, 41
61, 4
61, 4
61, 39
61, 36
61, 36
61, 36
61, 32
61, 32
61, 31
61, 31
61, 30
61, 3
61, 3
61, 28
61, 26
61, 25
61, 24
61, 23
61, 23
61, 22
61, 22
61, 21
61, 21
61, 21
61, 21
61, 21
61, 20
61, 20
61, 2
61, 2
61, 2
61, 2
61, 19
61, 19
61, 19
61, 18
61, 15
61, 15
61, 14
61, 14
61, 13
61, 12
61, 10
60, 6
60, 6
60, 6
60, 57
60, 55
60, 54
60, 54
60, 53
60, 50
60, 50
60, 50
60, 5
60, 46
60, 44
60, 43
60, 41
60, 41
60, 39
60, 34
60, 33
60, 32
60, 31
60, 3
60, 3
60, 3
60, 29
60, 29
60, 29
60, 27
60, 27
60, 27
60, 27
60, 26
60, 26
60, 25
60, 25
60, 24
60, 24
60, 23
60, 23
60, 23
60, 23
60, 21
60, 21
60, 21
60, 20
60, 20
60, 2
60, 2
60, 2
60, 19
60, 18
60, 18
60, 16
60, 16
60, 14
60, 14
60, 1
6, 9
6, 9
6, 9
6, 8
6, 8
6, 8
6, 8
6, 8
6, 7
6, 7
6, 7
6, 6
6, 57
6, 57
6, 54
6, 54
6, 53
6, 52
6, 5
6, 5
6, 46
6, 43
6, 42
6, 42
6, 41
6, 4
6, 39
6, 33
6, 32
6, 32
6, 3
6, 29
6, 28
6, 27
6, 27
6, 26
6, 26
6, 26
6, 26
6, 25
6, 24
6, 24
6, 23
6, 23
6, 23
6, 23
6, 23
6, 22
6, 21
6, 21
6, 21
6, 21
6, 20
6, 20
6, 20
6, 20
6, 2
6, 19
6, 19
6, 18
6, 18
6, 17
6, 17
6, 17
6, 16
6, 13
6, 13
6, 12
6, 10
6, 1
6, 1
59, 7
59, 7
59, 7
59, 6
59, 6
59, 57
59, 53
59, 52
59, 50
59, 50
59, 5
59, 47
59, 45
59, 4
59, 38
59, 38
59, 37
59, 34
59, 32
59, 32
59, 30
59, 30
59, 30
59, 29
59, 29
59, 28
59, 26
59, 25
59, 25
59, 24
59, 23
59, 23
59, 22
59, 22
59, 21
59, 20
59, 2
59, 2
59, 18
59, 18
59, 18
59, 18
59, 16
59, 15
59, 15
59, 13
59, 12
59, 1
59, 1
59, 1
58, 9
58, 8
58, 8
58, 7
58, 7
58, 7
58, 6
58, 6
58, 6
58, 6
58, 57
58, 5
58, 5
58, 5
58, 5
58, 47
58, 47
58, 44
58, 41
58, 4
58, 34
58, 32
58, 32
58, 32
58, 31
58, 31
58, 30
58, 3
58, 3
58, 3
58, 3
58, 3
58, 3
58, 3
58, 29
58, 29
58, 28
58, 28
58, 28
58, 28
58, 24
58, 24
58, 24
58, 23
58, 23
58, 22
58, 22
58, 21
58, 21
58, 21
58, 21
58, 21
58, 21
58, 21
58, 20
58, 20
58, 2
58, 2
58, 19
58, 18
58, 18
58, 18
58, 18
58, 16
58, 16
58, 16
58, 14
58, 14
58, 13
58, 13
58, 13
58, 12
58, 11
58, 1
57, 8
57, 8
57, 8
57, 7
57, 7
57, 6
57, 6
57, 6
57, 6
57, 57
57, 55
57, 53
57, 51
57, 50
57, 50
57, 5
57, 5
57, 49
57, 47
57, 45
57, 43
57, 42
57, 40
57, 40
57, 4
57, 4
57, 4
57, 4
57, 4
57, 38
57, 34
57, 31
57, 30
57, 3
57, 3
57, 28
57, 27
57, 25
57, 25
57, 24
57, 24
57, 23
57, 22
57, 22
57, 21
57, 21
57, 21
57, 21
57, 2
57, 2
57, 2
57, 2
57, 19
57, 19
57, 19
57, 18
57, 18
57, 18
57, 18
57, 17
57, 17
57, 17
57, 17
57, 17
57, 17
57, 17
57, 17
57, 17
57, 17
57, 15
57, 13
57, 12
57, 11
57, 11
57, 1
56, 8
56, 8
56, 7
56, 7
56, 57
56, 56
56, 56
56, 55
56, 53
56, 53
56, 51
56, 50
56, 50
56, 50
56, 5
56, 5
56, 5
56, 42
56, 41
56, 40
56, 4
56, 4
56, 36
56, 32
56, 32
56, 32
56, 30
56, 30
56, 30
56, 3
56, 29
56, 29
56, 28
56, 28
56, 26
56, 26
56, 26
56, 24
56, 24
56, 24
56, 24
56, 23
56, 23
56, 22
56, 22
56, 21
56, 21
56, 20
56, 20
56, 2
56, 2
56, 2
56, 19
56, 19
56, 19
56, 18
56, 17
56, 17
56, 17
56, 17
56, 17
56, 15
56, 11
56, 11
56, 1
55, 8
55, 8
55, 7
55, 7
55, 7
55, 7
55, 57
55, 55
55, 52
55, 51
55, 50
55, 50
55, 5
55, 5
55, 5
55, 5
55, 49
55, 49
55, 43
55, 43
55, 42
55, 41
55, 41
55, 4
55, 37
55, 37
55, 36
55, 36
55, 36
55, 35
55, 34
55, 33
55, 33
55, 31
55, 31
55, 30
55, 30
55, 30
55, 3
55, 29
55, 27
55, 27
55, 27
55, 27
55, 27
55, 27
55, 25
55, 23
55, 23
55, 22
55, 22
55, 22
55, 21
55, 2
55, 19
55, 18
55, 17
55, 17
55, 17
55, 17
55, 16
55, 16
55, 15
55, 1
54, 7
54, 7
54, 7
54, 7
54, 7
54, 6
54, 6
54, 57
54, 57
54, 57
54, 52
54, 50
54, 5
54, 5
54, 49
54, 46
54, 45
54, 44
54, 41
54, 41
54, 4
54, 39
54, 39
54, 37
54, 35
54, 34
54, 33
54, 32
54, 31
54, 30
54, 30
54, 30
54, 30
54, 29
54, 29
54, 29
54, 29
54, 27
54, 27
54, 26
54, 26
54, 25
54, 24
54, 24
54, 24
54, 24
54, 23
54, 23
54, 23
54, 23
54, 23
54, 22
54, 22
54, 22
54, 22
54, 21
54, 21
54, 21
54, 21
54, 21
54, 20
54, 20
54, 2
54, 19
54, 18
54, 18
54, 18
54, 17
54, 14
54, 11
54, 1
53, 9
53, 9
53, 9
53, 8
53, 8
53, 8
53, 8
53, 7
53, 7
53, 7
53, 7
53, 7
53, 6
53, 6
53, 57
53, 53
53, 52
53, 51
53, 51
53, 5
53, 49
53, 46
53, 42
53, 41
53, 4
53, 4
53, 39
53, 39
53, 38
53, 35
53, 34
53, 33
53, 32
53, 31
53, 3
53, 29
53, 28
53, 27
53, 24
53, 24
53, 23
53, 23
53, 23
53, 23
53, 22
53, 22
53, 22
53, 20
53, 20
53, 2
53, 18
53, 18
53, 17
53, 17
53, 17
53, 17
53, 17
53, 11
53, 10
53, 10
53, 10
53, 1
53, 1
53, 1
52, 9
52, 8
52, 8
52, 8
52, 8
52, 8
52, 8
52, 8
52, 7
52, 7
52, 7
52, 6
52, 6
52, 6
52, 6
52, 54
52, 54
52, 51
52, 5
52, 5
52, 5
52, 5
52, 5
52, 5
52, 5
52, 46
52, 45
52, 42
52, 40
52, 4
52, 4
52, 4
52, 4
52, 38
52, 34
52, 33
52, 33
52, 32
52, 32
52, 32
52, 32
52, 31
52, 31
52, 30
52, 3
52, 3
52, 29
52, 28
52, 28
52, 27
52, 27
52, 26
52, 26
52, 26
52, 25
52, 25
52, 25
52, 24
52, 23
52, 23
52, 22
52, 22
52, 21
52, 20
52, 20
52, 20
52, 2
52, 2
52, 19
52, 19
52, 19
52, 18
52, 17
52, 13
52, 12
52, 10
52, 1
52, 1
51, 8
51, 8
51, 8
51, 7
51, 7
51, 6
51, 6
51, 57
51, 56
51, 55
51, 54
51, 54
51, 53
51, 50
51, 5
51, 5
51, 5
51, 5
51, 5
51, 41
51, 37
51, 35
51, 30
51, 30
51, 3
51, 3
51, 3
51, 3
51, 3
51, 28
51, 27
51, 24
51, 24
51, 24
51, 24
51, 23
51, 23
51, 23
51, 23
51, 22
51, 21
51, 21
51, 21
51, 21
51, 20
51, 2
51, 2
51, 2
51, 2
51, 19
51, 18
51, 17
51, 17
51, 14
51, 11
51, 11
51, 10
51, 10
50, 9
50, 8
50, 7
50, 7
50, 7
50, 7
50, 6
50, 6
50, 57
50, 57
50, 57
50, 56
50, 55
50, 53
50, 50
50, 5
50, 49
50, 48
50, 47
50, 45
50, 43
50, 42
50, 42
50, 4
50, 4
50, 4
50, 4
50, 4
50, 39
50, 38
50, 38
50, 36
50, 34
50, 32
50, 31
50, 31
50, 3
50, 29
50, 29
50, 29
50, 28
50, 27
50, 26
50, 26
50, 26
50, 26
50, 25
50, 25
50, 24
50, 24
50, 23
50, 23
50, 23
50, 23
50, 22
50, 22
50, 21
50, 21
50, 21
50, 21
50, 21
50, 20
50, 20
50, 20
50, 2
50, 2
50, 18
50, 17
50, 17
50, 14
50, 14
50, 14
50, 13
50, 10
50, 1
5, 9
5, 9
5, 8
5, 8
5, 8
5, 8
5, 8
5, 7
5, 6
5, 6
5, 57
5, 57
5, 56
5, 5
5, 5
5, 47
5, 47
5, 45
5, 43
5, 40
5, 4
5, 4
5, 4
5, 38
5, 38
5, 37
5, 33
5, 32
5, 31
5, 31
5, 31
5, 30
5, 30
5, 30
5, 3
5, 3
5, 29
5, 28
5, 28
5, 28
5, 27
5, 27
5, 27
5, 26
5, 26
5, 25
5, 24
5, 24
5, 24
5, 23
5, 23
5, 22
5, 22
5, 21
5, 21
5, 21
5, 2
5, 2
5, 2
5, 2
5, 2
5, 2
5, 19
5, 19
5, 19
5, 19
5, 18
5, 18
5, 17
5, 16
5, 14
5, 14
5, 13
5, 11
5, 10
5, 10
5, 10
5, 1
49, 8
49, 8
49, 8
49, 7
49, 7
49, 7
49, 6
49, 6
49, 6
49, 57
49, 55
49, 52
49, 5
49, 47
49, 42
49, 4
49, 4
49, 4
49, 4
49, 4
49, 4
49, 36
49, 33
49, 32
49, 32
49, 32
49, 30
49, 30
49, 3
49, 29
49, 29
49, 28
49, 28
49, 26
49, 25
49, 23
49, 23
49, 22
49, 20
49, 20
49, 2
49, 2
49, 2
49, 2
49, 18
49, 18
49, 18
49, 18
49, 18
49, 17
49, 17
49, 14
49, 13
49, 13
49, 13
49, 12
49, 11
49, 10
49, 1
49, 1
48, 9
48, 8
48, 8
48, 7
48, 6
48, 6
48, 6
48, 6
48, 6
48, 57
48, 54
48, 53
48, 53
48, 53
48, 50
48, 5
48, 5
48, 46
48, 46
48, 45
48, 43
48, 4
48, 4
48, 36
48, 36
48, 35
48, 33
48, 32
48, 31
48, 3
48, 3
48, 3
48, 3
48, 29
48, 28
48, 28
48, 28
48, 27
48, 25
48, 25
48, 24
48, 23
48, 23
48, 23
48, 22
48, 22
48, 22
48, 21
48, 21
48, 21
48, 2
48, 2
48, 2
48, 19
48, 19
48, 18
48, 18
48, 18
48, 18
48, 18
48, 17
48, 17
48, 17
48, 16
48, 14
48, 1
48, 1
48, 1
47, 8
47, 8
47, 7
47, 7
47, 7
47, 7
47, 6
47, 6
47, 6
47, 57
47, 54
47, 51
47, 50
47, 47
47, 46
47, 44
47, 40
47, 4
47, 4
47, 37
47, 35
47, 3
47, 3
47, 29
47, 29
47, 27
47, 27
47, 26
47, 25
47, 25
47, 24
47, 24
47, 24
47, 23
47, 22
47, 22
47, 22
47, 22
47, 22
47, 22
47, 21
47, 21
47, 20
47, 20
47, 2
47, 19
47, 19
47, 17
47, 17
47, 17
47, 17
47, 17
47, 17
47, 16
47, 16
47, 15
47, 14
47, 12
47, 10
47, 1
46, 9
46, 9
46, 8
46, 8
46, 7
46, 6
46, 6
46, 6
46, 6
46, 57
46, 57
46, 56
46, 53
46, 53
46, 51
46, 51
46, 51
46, 50
46, 5
46, 5
46, 5
46, 5
46, 47
46, 45
46, 42
46, 42
46, 42
46, 40
46, 4
46, 4
46, 4
46, 39
46, 37
46, 37
46, 32
46, 31
46, 30
46, 30
46, 3
46, 29
46, 29
46, 27
46, 27
46, 27
46, 26
46, 24
46, 24
46, 23
46, 23
46, 23
46, 22
46, 22
46, 20
46, 20
46, 2
46, 2
46, 2
46, 2
46, 19
46, 19
46, 18
46, 18
46, 18
46, 17
46, 17
46, 15
46, 15
46, 12
46, 12
46, 11
46, 11
46, 10
46, 10
46, 10
46, 1
46, 1
45, 7
45, 57
45, 55
45, 52
45, 5
45, 49
45, 40
45, 4
45, 4
45, 36
45, 33
45, 33
45, 32
45, 32
45, 30
45, 3
45, 3
45, 29
45, 28
45, 27
45, 25
45, 25
45, 24
45, 24
45, 24
45, 23
45, 23
45, 22
45, 22
45, 22
45, 21
45, 2
45, 2
45, 19
45, 19
45, 18
45, 17
45, 17
45, 15
45, 15
45, 11
44, 8
44, 7
44, 7
44, 7
44, 7
44, 6
44, 6
44, 6
44, 6
44, 6
44, 57
44, 56
44, 55
44, 54
44, 51
44, 51
44, 50
44, 5
44, 5
44, 5
44, 48
44, 47
44, 46
44, 45
44, 43
44, 42
44, 4
44, 4
44, 4
44, 4
44, 39
44, 39
44, 37
44, 37
44, 34
44, 34
44, 33
44, 32
44, 32
44, 32
44, 31
44, 31
44, 30
44, 30
44, 30
44, 3
44, 29
44, 29
44, 29
44, 29
44, 29
44, 29
44, 28
44, 27
44, 27
44, 27
44, 27
44, 27
44, 26
44, 26
44, 24
44, 24
44, 23
44, 23
44, 22
44, 21
44, 20
44, 20
44, 20
44, 2
44, 2
44, 2
44, 19
44, 18
44, 17
44, 17
44, 12
44, 12
44, 11
44, 10
44, 1
44, 1
44, 1
43, 9
43, 8
43, 8
43, 8
43, 7
43, 7
43, 7
43, 6
43, 6
43, 6
43, 6
43, 55
43, 54
43, 54
43, 51
43, 50
43, 50
43, 5
43, 5
43, 48
43, 48
43, 47
43, 46
43, 43
43, 40
43, 4
43, 4
43, 4
43, 4
43, 34
43, 32
43, 31
43, 31
43, 31
43, 30
43, 3
43, 3
43, 3
43, 29
43, 29
43, 27
43, 27
43, 26
43, 25
43, 25
43, 24
43, 22
43, 22
43, 22
43, 22
43, 21
43, 21
43, 20
43, 2
43, 19
43, 19
43, 18
43, 18
43, 18
43, 18
43, 17
43, 17
43, 12
43, 10
43, 1
43, 1
42, 9
42, 8
42, 8
42, 7
42, 7
42, 6
42, 6
42, 6
42, 56
42, 53
42, 52
42, 5
42, 49
42, 49
42, 48
42, 48
42, 45
42, 45
42, 44
42, 44
42, 44
42, 43
42, 43
42, 42
42, 40
42, 4
42, 4
42, 38
42, 36
42, 32
42, 32
42, 31
42, 31
42, 3
42, 3
42, 3
42, 3
42, 29
42, 28
42, 27
42, 26
42, 25
42, 25
42, 25
42, 24
42, 24
42, 24
42, 23
42, 22
42, 22
42, 21
42, 21
42, 20
42, 2
42, 19
42, 19
42, 19
42, 19
42, 19
42, 19
42, 18
42, 17
42, 17
42, 17
42, 17
42, 16
42, 15
42, 15
42, 13
42, 13
42, 13
42, 12
42, 1
42, 1
42, 1
41, 7
41, 7
41, 6
41, 6
41, 53
41, 51
41, 50
41, 50
41, 5
41, 5
41, 5
41, 5
41, 5
41, 5
41, 5
41, 47
41, 41
41, 40
41, 40
41, 4
41, 4
41, 36
41, 35
41, 34
41, 31
41, 31
41, 30
41, 3
41, 29
41, 29
41, 29
41, 28
41, 28
41, 27
41, 24
41, 23
41, 23
41, 22
41, 21
41, 21
41, 21
41, 20
41, 20
41, 2
41, 2
41, 2
41, 19
41, 19
41, 19
41, 17
41, 17
41, 15
41, 15
41, 14
41, 13
41, 11
41, 1
40, 8
40, 8
40, 7
40, 7
40, 6
40, 6
40, 6
40, 57
40, 57
40, 57
40, 54
40, 52
40, 52
40, 50
40, 50
40, 5
40, 5
40, 5
40, 5
40, 49
40, 48
40, 45
40, 41
40, 40
40, 4
40, 4
40, 4
40, 35
40, 34
40, 32
40, 32
40, 30
40, 30
40, 29
40, 28
40, 27
40, 27
40, 26
40, 26
40, 25
40, 24
40, 24
40, 24
40, 24
40, 24
40, 23
40, 23
40, 23
40, 22
40, 22
40, 22
40, 21
40, 21
40, 20
40, 20
40, 2
40, 2
40, 19
40, 19
40, 18
40, 18
40, 18
40, 17
40, 17
40, 15
40, 14
40, 12
40, 10
4, 9
4, 9
4, 9
4, 9
4, 9
4, 8
4, 8
4, 7
4, 6
4, 6
4, 6
4, 6
4, 57
4, 55
4, 53
4, 52
4, 51
4, 50
4, 5
4, 5
4, 5
4, 5
4, 5
4, 43
4, 43
4, 42
4, 4
4, 39
4, 38
4, 38
4, 37
4, 36
4, 34
4, 32
4, 31
4, 30
4, 3
4, 3
4, 29
4, 29
4, 28
4, 28
4, 28
4, 27
4, 27
4, 27
4, 26
4, 26
4, 26
4, 26
4, 25
4, 25
4, 24
4, 23
4, 23
4, 22
4, 21
4, 21
4, 21
4, 20
4, 20
4, 20
4, 2
4, 2
4, 2
4, 19
4, 19
4, 19
4, 18
4, 17
4, 17
4, 15
4, 15
4, 14
4, 13
4, 12
4, 1
4, 1
4, 1
4, 1
4, 1
39, 8
39, 7
39, 6
39, 6
39, 55
39, 54
39, 53
39, 53
39, 5
39, 5
39, 5
39, 47
39, 47
39, 46
39, 46
39, 44
39, 4
39, 4
39, 4
39, 39
39, 30
39, 3
39, 27
39, 27
39, 26
39, 26
39, 25
39, 25
39, 24
39, 24
39, 24
39, 24
39, 23
39, 23
39, 22
39, 22
39, 22
39, 22
39, 20
39, 2
39, 2
39, 2
39, 19
39, 19
39, 19
39, 18
39, 17
39, 17
39, 17
39, 17
39, 16
39, 12
39, 1
39, 1
38, 9
38, 8
38, 8
38, 8
38, 8
38, 8
38, 7
38, 7
38, 57
38, 56
38, 55
38, 54
38, 53
38, 52
38, 49
38, 47
38, 46
38, 45
38, 43
38, 41
38, 40
38, 4
38, 39
38, 39
38, 35
38, 32
38, 31
38, 30
38, 3
38, 29
38, 29
38, 28
38, 27
38, 26
38, 26
38, 26
38, 25
38, 24
38, 24
38, 24
38, 24
38, 24
38, 23
38, 22
38, 21
38, 20
38, 20
38, 2
38, 2
38, 19
38, 19
38, 19
38, 18
38, 18
38, 17
38, 15
38, 14
38, 14
38, 10
38, 1
38, 1
38, 1
38, 1
37, 8
37, 7
37, 55
37, 54
37, 54
37, 50
37, 5
37, 46
37, 45
37, 43
37, 42
37, 4
37, 39
37, 37
37, 35
37, 31
37, 30
37, 3
37, 29
37, 27
37, 27
37, 25
37, 24
37, 24
37, 24
37, 23
37, 21
37, 21
37, 21
37, 21
37, 20
37, 2
37, 2
37, 19
37, 18
37, 18
37, 17
37, 17
37, 17
37, 17
37, 17
37, 15
37, 14
37, 11
36, 8
36, 8
36, 8
36, 7
36, 7
36, 6
36, 6
36, 6
36, 6
36, 55
36, 54
36, 52
36, 50
36, 5
36, 5
36, 5
36, 49
36, 48
36, 45
36, 44
36, 41
36, 39
36, 38
36, 32
36, 32
36, 31
36, 31
36, 31
36, 3
36, 3
36, 3
36, 29
36, 28
36, 28
36, 28
36, 27
36, 24
36, 24
36, 24
36, 23
36, 23
36, 22
36, 2
36, 2
36, 2
36, 19
36, 19
36, 19
36, 17
36, 15
36, 14
36, 10
36, 10
36, 1
35, 9
35, 8
35, 7
35, 6
35, 6
35, 56
35, 56
35, 52
35, 5
35, 5
35, 5
35, 5
35, 49
35, 46
35, 43
35, 42
35, 34
35, 32
35, 32
35, 31
35, 31
35, 3
35, 29
35, 29
35, 28
35, 26
35, 26
35, 25
35, 25
35, 25
35, 23
35, 22
35, 22
35, 22
35, 21
35, 20
35, 20
35, 19
35, 19
35, 19
35, 19
35, 19
35, 18
35, 17
35, 16
35, 12
35, 10
35, 1
34, 9
34, 8
34, 8
34, 8
34, 7
34, 7
34, 7
34, 7
34, 6
34, 6
34, 6
34, 6
34, 6
34, 57
34, 55
34, 54
34, 53
34, 53
34, 5
34, 5
34, 48
34, 48
34, 42
34, 41
34, 4
34, 4
34, 34
34, 31
34, 31
34, 31
34, 3
34, 3
34, 28
34, 28
34, 27
34, 26
34, 25
34, 25
34, 23
34, 22
34, 22
34, 22
34, 21
34, 20
34, 20
34, 2
34, 2
34, 18
34, 18
34, 18
34, 18
34, 18
34, 17
34, 12
34, 11
34, 1
34, 1
34, 1
33, 8
33, 7
33, 7
33, 6
33, 57
33, 54
33, 52
33, 50
33, 5
33, 49
33, 48
33, 44
33, 44
33, 39
33, 39
33, 32
33, 31
33, 3
33, 3
33, 3
33, 29
33, 28
33, 27
33, 27
33, 26
33, 25
33, 25
33, 24
33, 24
33, 24
33, 23
33, 22
33, 22
33, 22
33, 21
33, 21
33, 21
33, 20
33, 2
33, 2
33, 2
33, 19
33, 19
33, 18
33, 18
33, 17
33, 17
33, 17
33, 17
33, 15
33, 13
33, 13
33, 1
32, 8
32, 8
32, 8
32, 8
32, 7
32, 7
32, 6
32, 6
32, 6
32, 6
32, 56
32, 53
32, 51
32, 46
32, 46
32, 45
32, 4
32, 4
32, 4
32, 4
32, 4
32, 39
32, 35
32, 34
32, 31
32, 29
32, 28
32, 28
32, 28
32, 27
32, 27
32, 26
32, 26
32, 25
32, 25
32, 24
32, 23
32, 23
32, 23
32, 22
32, 22
32, 22
32, 21
32, 21
32, 21
32, 21
32, 21
32, 20
32, 20
32, 2
32, 2
32, 19
32, 18
32, 18
32, 18
32, 18
32, 17
32, 16
32, 14
32, 14
32, 13
32, 12
32, 12
32, 11
32, 1
32, 1
31, 8
31, 8
31, 7
31, 6
31, 56
31, 52
31, 51
31, 50
31, 5
31, 5
31, 5
31, 46
31, 45
31, 44
31, 4
31, 4
31, 4
31, 4
31, 38
31, 37
31, 32
31, 31
31, 31
31, 30
31, 27
31, 26
31, 26
31, 24
31, 24
31, 24
31, 23
31, 23
31, 23
31, 23
31, 23
31, 22
31, 22
31, 21
31, 21
31, 21
31, 21
31, 2
31, 2
31, 19
31, 19
31, 19
31, 19
31, 17
31, 17
31, 17
31, 17
31, 15
31, 15
31, 14
31, 12
31, 10
31, 1
31, 1
31, 1
31, 1
30, 8
30, 8
30, 8
30, 8
30, 7
30, 7
30, 6
30, 6
30, 6
30, 6
30, 6
30, 57
30, 57
30, 51
30, 50
30, 50
30, 5
30, 5
30, 5
30, 48
30, 48
30, 47
30, 45
30, 42
30, 4
30, 4
30, 37
30, 32
30, 31
30, 31
30, 3
30, 3
30, 29
30, 26
30, 26
30, 24
30, 24
30, 23
30, 23
30, 23
30, 22
30, 22
30, 21
30, 21
30, 21
30, 21
30, 20
30, 2
30, 19
30, 14
30, 13
30, 13
30, 11
30, 1
3, 8
3, 8
3, 8
3, 8
3, 8
3, 6
3, 6
3, 6
3, 6
3, 6
3, 6
3, 56
3, 53
3, 52
3, 50
3, 5
3, 5
3, 48
3, 48
3, 47
3, 45
3, 43
3, 42
3, 40
3, 4
3, 36
3, 35
3, 33
3, 33
3, 32
3, 31
3, 30
3, 30
3, 3
3, 3
3, 29
3, 28
3, 27
3, 27
3, 25
3, 25
3, 24
3, 24
3, 23
3, 23
3, 23
3, 23
3, 22
3, 22
3, 22
3, 21
3, 21
3, 21
3, 21
3, 21
3, 21
3, 21
3, 20
3, 20
3, 2
3, 2
3, 2
3, 2
3, 19
3, 19
3, 18
3, 18
3, 18
3, 18
3, 17
3, 17
3, 17
3, 17
3, 16
3, 11
3, 11
3, 11
3, 11
3, 10
3, 10
3, 1
3, 1
3, 1
29, 8
29, 7
29, 7
29, 6
29, 6
29, 57
29, 57
29, 51
29, 51
29, 50
29, 50
29, 50
29, 5
29, 5
29, 48
29, 47
29, 45
29, 45
29, 45
29, 43
29, 42
29, 41
29, 35
29, 32
29, 3
29, 3
29, 29
29, 29
29, 28
29, 27
29, 27
29, 27
29, 26
29, 25
29, 25
29, 25
29, 24
29, 23
29, 23
29, 21
29, 21
29, 21
29, 19
29, 18
29, 17
29, 17
29, 12
29, 11
28, 8
28, 7
28, 7
28, 6
28, 6
28, 55
28, 52
28, 5
28, 47
28, 41
28, 41
28, 4
28, 4
28, 37
28, 37
28, 32
28, 31
28, 30
28, 3
28, 3
28, 3
28, 29
28, 26
28, 25
28, 24
28, 24
28, 23
28, 23
28, 23
28, 21
28, 21
28, 20
28, 20
28, 2
28, 2
28, 2
28, 2
28, 2
28, 19
28, 19
28, 17
28, 16
28, 13
28, 12
28, 10
28, 1
28, 1
27, 8
27, 8
27, 7
27, 57
27, 53
27, 5
27, 5
27, 5
27, 45
27, 43
27, 42
27, 4
27, 4
27, 38
27, 38
27, 37
27, 36
27, 34
27, 32
27, 31
27, 31
27, 3
27, 28
27, 24
27, 23
27, 22
27, 22
27, 21
27, 21
27, 2
27, 2
27, 19
27, 19
27, 18
27, 15
27, 10
26, 8
26, 8
26, 8
26, 7
26, 6
26, 6
26, 57
26, 56
26, 54
26, 54
26, 53
26, 50
26, 5
26, 5
26, 5
26, 43
26, 43
26, 4
26, 4
26, 4
26, 35
26, 32
26, 32
26, 32
26, 31
26, 30
26, 30
26, 29
26, 29
26, 29
26, 29
26, 26
26, 26
26, 25
26, 24
26, 24
26, 23
26, 21
26, 21
26, 21
26, 21
26, 21
26, 21
26, 20
26, 19
26, 19
26, 19
26, 19
26, 19
26, 19
26, 18
26, 18
26, 18
26, 15
26, 13
26, 13
26, 12
26, 10
26, 1
26, 1
25, 8
25, 6
25, 6
25, 57
25, 56
25, 54
25, 53
25, 5
25, 5
25, 48
25, 42
25, 37
25, 32
25, 32
25, 32
25, 31
25, 31
25, 31
25, 31
25, 3
25, 28
25, 28
25, 27
25, 24
25, 24
25, 24
25, 23
25, 22
25, 22
25, 21
25, 21
25, 19
25, 19
25, 18
25, 18
25, 17
25, 17
25, 16
25, 16
25, 15
25, 11
25, 11
25, 1
25, 1
24, 8
24, 8
24, 8
24, 7
24, 7
24, 6
24, 6
24, 6
24, 57
24, 5
24, 5
24, 5
24, 5
24, 5
24, 5
24, 5
24, 48
24, 48
24, 48
24, 47
24, 45
24, 43
24, 43
24, 42
24, 41
24, 4
24, 4
24, 4
24, 4
24, 4
24, 4
24, 36
24, 35
24, 32
24, 31
24, 31
24, 30
24, 3
24, 3
24, 29
24, 28
24, 28
24, 28
24, 26
24, 25
24, 25
24, 23
24, 23
24, 23
24, 23
24, 21
24, 21
24, 21
24, 20
24, 20
24, 2
24, 19
24, 19
24, 18
24, 18
24, 18
24, 18
24, 18
24, 18
24, 18
24, 17
24, 17
24, 17
24, 15
24, 15
24, 13
24, 12
24, 1
23, 8
23, 56
23, 55
23, 52
23, 51
23, 49
23, 48
23, 48
23, 47
23, 42
23, 4
23, 4
23, 39
23, 39
23, 36
23, 32
23, 32
23, 30
23, 30
23, 30
23, 3
23, 3
23, 3
23, 29
23, 29
23, 28
23, 28
23, 27
23, 24
23, 24
23, 24
23, 22
23, 22
23, 21
23, 21
23, 20
23, 2
23, 2
23, 2
23, 2
23, 19
23, 19
23, 18
23, 18
23, 18
23, 18
23, 17
23, 13
23, 13
23, 11
23, 11
23, 10
23, 10
22, 8
22, 8
22, 8
22, 7
22, 7
22, 7
22, 6
22, 6
22, 56
22, 54
22, 51
22, 50
22, 5
22, 48
22, 48
22, 44
22, 43
22, 42
22, 41
22, 41
22, 40
22, 4
22, 4
22, 4
22, 38
22, 37
22, 36
22, 35
22, 34
22, 33
22, 32
22, 32
22, 31
22, 30
22, 30
22, 30
22, 3
22, 3
22, 29
22, 29
22, 27
22, 27
22, 25
22, 24
22, 24
22, 24
22, 24
22, 24
22, 23
22, 23
22, 21
22, 19
22, 19
22, 18
22, 18
22, 18
22, 18
22, 18
22, 18
22, 18
22, 17
22, 15
22, 15
22, 14
22, 14
22, 12
22, 1
22, 1
21, 8
21, 8
21, 8
21, 7
21, 7
21, 6
21, 57
21, 56
21, 53
21, 53
21, 5
21, 5
21, 5
21, 49
21, 47
21, 47
21, 4
21, 38
21, 32
21, 32
21, 32
21, 31
21, 30
21, 30
21, 3
21, 3
21, 3
21, 3
21, 3
21, 3
21, 28
21, 28
21, 27
21, 26
21, 25
21, 25
21, 24
21, 23
21, 23
21, 23
21, 22
21, 22
21, 22
21, 22
21, 22
21, 22
21, 21
21, 20
21, 2
21, 17
21, 17
21, 15
21, 14
21, 1
20, 8
20, 7
20, 7
20, 6
20, 57
20, 54
20, 53
20, 5
20, 5
20, 5
20, 5
20, 5
20, 46
20, 44
20, 42
20, 36
20, 33
20, 32
20, 3
20, 28
20, 27
20, 27
20, 26
20, 26
20, 25
20, 24
20, 23
20, 23
20, 22
20, 22
20, 22
20, 21
20, 21
20, 21
20, 2
20, 2
20, 19
20, 19
20, 18
20, 18
20, 18
20, 17
20, 14
20, 13
20, 12
20, 11
2, 9
2, 9
2, 8
2, 8
2, 8
2, 8
2, 8
2, 7
2, 7
2, 7
2, 6
2, 6
2, 6
2, 57
2, 56
2, 56
2, 55
2, 54
2, 51
2, 50
2, 5
2, 5
2, 5
2, 49
2, 49
2, 48
2, 48
2, 45
2, 44
2, 43
2, 41
2, 41
2, 40
2, 4
2, 4
2, 4
2, 39
2, 38
2, 33
2, 32
2, 31
2, 31
2, 30
2, 30
2, 3
2, 3
2, 3
2, 3
2, 3
2, 3
2, 3
2, 29
2, 29
2, 29
2, 28
2, 27
2, 27
2, 26
2, 25
2, 24
2, 24
2, 24
2, 24
2, 24
2, 23
2, 23
2, 23
2, 22
2, 22
2, 22
2, 22
2, 21
2, 21
2, 21
2, 21
2, 2
2, 2
2, 2
2, 2
2, 19
2, 19
2, 19
2, 19
2, 18
2, 17
2, 16
2, 13
2, 13
2, 12
2, 11
2, 10
2, 1
2, 1
2, 1
197, 9
197, 9
197, 9
197, 8
197, 8
197, 7
197, 7
197, 7
197, 6
197, 6
197, 6
197, 6
197, 6
197, 6
197, 6
197, 6
197, 57
197, 56
197, 54
197, 53
197, 50
197, 50
197, 5
197, 5
197, 5
197, 49
197, 46
197, 46
197, 44
197, 44
197, 43
197, 41
197, 41
197, 4
197, 39
197, 37
197, 32
197, 32
197, 32
197, 32
197, 30
197, 3
197, 3
197, 3
197, 3
197, 29
197, 29
197, 28
197, 28
197, 27
197, 26
197, 26
197, 25
197, 24
197, 24
197, 24
197, 24
197, 24
197, 24
197, 24
197, 23
197, 23
197, 23
197, 22
197, 22
197, 22
197, 21
197, 21
197, 21
197, 21
197, 2
197, 2
197, 2
197, 19
197, 19
197, 18
197, 18
197, 18
197, 17
197, 17
197, 17
197, 17
197, 17
197, 17
197, 17
197, 17
197, 14
197, 14
197, 13
197, 13
197, 13
197, 13
197, 11
197, 11
197, 10
197, 10
197, 1
197, 1
197, 1
197, 1
196, 9
196, 8
196, 8
196, 7
196, 7
196, 7
196, 6
196, 6
196, 6
196, 57
196, 57
196, 54
196, 53
196, 52
196, 51
196, 50
196, 5
196, 5
196, 5
196, 49
196, 49
196, 49
196, 45
196, 45
196, 44
196, 43
196, 43
196, 42
196, 41
196, 41
196, 4
196, 4
196, 4
196, 4
196, 39
196, 38
196, 36
196, 36
196, 35
196, 34
196, 33
196, 31
196, 31
196, 30
196, 30
196, 30
196, 3
196, 3
196, 29
196, 29
196, 29
196, 28
196, 26
196, 25
196, 25
196, 24
196, 24
196, 24
196, 23
196, 23
196, 23
196, 22
196, 20
196, 20
196, 20
196, 2
196, 2
196, 2
196, 19
196, 19
196, 19
196, 19
196, 18
196, 18
196, 18
196, 18
196, 16
196, 13
196, 11
196, 1
196, 1
195, 9
195, 8
195, 7
195, 7
195, 7
195, 7
195, 7
195, 7
195, 6
195, 57
195, 57
195, 56
195, 55
195, 54
195, 53
195, 52
195, 51
195, 50
195, 50
195, 5
195, 5
195, 49
195, 48
195, 46
195, 45
195, 44
195, 41
195, 4
195, 39
195, 38
195, 36
195, 34
195, 32
195, 31
195, 31
195, 30
195, 30
195, 30
195, 30
195, 30
195, 30
195, 3
195, 3
195, 29
195, 29
195, 28
195, 28
195, 27
195, 27
195, 27
195, 27
195, 26
195, 25
195, 25
195, 24
195, 23
195, 22
195, 22
195, 20
195, 20
195, 20
195, 2
195, 2
195, 19
195, 19
195, 19
195, 19
195, 19
195, 18
195, 18
195, 17
195, 17
195, 17
195, 17
195, 16
195, 15
195, 14
195, 12
195, 12
195, 11
195, 10
194, 9
194, 8
194, 8
194, 7
194, 6
194, 6
194, 57
194, 56
194, 56
194, 55
194, 52
194, 51
194, 51
194, 50
194, 50
194, 5
194, 5
194, 5
194, 46
194, 45
194, 45
194, 44
194, 44
194, 43
194, 41
194, 40
194, 4
194, 4
194, 4
194, 4
194, 39
194, 34
194, 34
194, 30
194, 3
194, 3
194, 3
194, 3
194, 3
194, 28
194, 28
194, 28
194, 27
194, 27
194, 25
194, 25
194, 24
194, 24
194, 24
194, 24
194, 24
194, 24
194, 24
194, 23
194, 23
194, 22
194, 22
194, 21
194, 21
194, 21
194, 21
194, 21
194, 21
194, 20
194, 20
194, 20
194, 2
194, 2
194, 19
194, 19
194, 18
194, 18
194, 18
194, 18
194, 17
194, 17
194, 16
194, 15
194, 12
194, 12
194, 12
194, 11
194, 10
194, 1
193, 9
193, 8
193, 7
193, 7
193, 7
193, 6
193, 6
193, 57
193, 55
193, 53
193, 5
193, 5
193, 5
193, 46
193, 41
193, 40
193, 40
193, 4
193, 4
193, 4
193, 32
193, 31
193, 31
193, 31
193, 30
193, 3
193, 3
193, 3
193, 3
193, 29
193, 29
193, 29
193, 29
193, 28
193, 28
193, 28
193, 27
193, 27
193, 27
193, 26
193, 24
193, 23
193, 23
193, 23
193, 23
193, 23
193, 23
193, 23
193, 22
193, 22
193, 22
193, 21
193, 21
193, 21
193, 21
193, 21
193, 20
193, 2
193, 2
193, 19
193, 19
193, 19
193, 18
193, 18
193, 18
193, 17
193, 17
193, 16
193, 16
193, 15
193, 14
193, 13
193, 13
193, 13
193, 11
193, 11
193, 10
193, 1
192, 9
192, 8
192, 8
192, 7
192, 7
192, 7
192, 7
192, 7
192, 57
192, 57
192, 57
192, 57
192, 56
192, 56
192, 53
192, 52
192, 51
192, 5
192, 5
192, 5
192, 49
192, 46
192, 45
192, 43
192, 42
192, 41
192, 40
192, 4
192, 4
192, 39
192, 39
192, 38
192, 37
192, 34
192, 33
192, 33
192, 32
192, 32
192, 32
192, 32
192, 31
192, 31
192, 30
192, 3
192, 29
192, 27
192, 27
192, 27
192, 26
192, 26
192, 25
192, 24
192, 24
192, 24
192, 23
192, 23
192, 22
192, 22
192, 22
192, 21
192, 21
192, 21
192, 21
192, 21
192, 20
192, 2
192, 2
192, 2
192, 2
192, 2
192, 19
192, 19
192, 18
192, 18
192, 18
192, 16
192, 14
192, 13
192, 13
192, 13
192, 13
192, 13
192, 11
192, 10
192, 1
192, 1
192, 1
191, 8
191, 8
191, 8
191, 8
191, 7
191, 7
191, 6
191, 56
191, 55
191, 53
191, 53
191, 52
191, 52
191, 51
191, 50
191, 5
191, 5
191, 48
191, 46
191, 46
191, 44
191, 42
191, 41
191, 40
191, 40
191, 4
191, 4
191, 4
191, 38
191, 37
191, 37
191, 35
191, 34
191, 34
191, 33
191, 32
191, 32
191, 32
191, 30
191, 3
191, 29
191, 28
191, 28
191, 27
191, 27
191, 26
191, 25
191, 25
191, 25
191, 25
191, 24
191, 24
191, 23
191, 23
191, 23
191, 22
191, 22
191, 21
191, 21
191, 21
191, 21
191, 2
191, 2
191, 2
191, 19
191, 19
191, 19
191, 19
191, 19
191, 18
191, 18
191, 18
191, 18
191, 17
191, 17
191, 17
191, 17
191, 16
191, 16
191, 12
191, 1
191, 1
190, 8
190, 8
190, 8
190, 8
190, 8
190, 8
190, 8
190, 8
190, 8
190, 7
190, 7
190, 6
190, 6
190, 57
190, 57
190, 57
190, 55
190, 54
190, 54
190, 53
190, 52
190, 51
190, 50
190, 50
190, 5
190, 5
190, 5
190, 5
190, 49
190, 49
190, 47
190, 45
190, 45
190, 44
190, 40
190, 40
190, 40
190, 40
190, 40
190, 40
190, 4
190, 39
190, 39
190, 37
190, 36
190, 34
190, 32
190, 32
190, 32
190, 32
190, 31
190, 31
190, 30
190, 3
190, 3
190, 3
190, 29
190, 29
190, 29
190, 27
190, 27
190, 26
190, 26
190, 25
190, 25
190, 25
190, 24
190, 24
190, 24
190, 24
190, 24
190, 23
190, 23
190, 22
190, 22
190, 22
190, 22
190, 21
190, 21
190, 21
190, 20
190, 20
190, 2
190, 2
190, 2
190, 19
190, 19
190, 19
190, 19
190, 19
190, 18
190, 18
190, 18
190, 18
190, 18
190, 17
190, 17
190, 17
190, 17
190, 17
190, 16
190, 15
190, 14
190, 13
190, 11
190, 1
19, 8
19, 8
19, 7
19, 6
19, 6
19, 57
19, 57
19, 53
19, 52
19, 50
19, 5
19, 44
19, 42
19, 40
19, 40
19, 4
19, 4
19, 37
19, 31
19, 30
19, 30
19, 3
19, 3
19, 29
19, 28
19, 27
19, 24
19, 24
19, 23
19, 23
19, 23
19, 21
19, 21
19, 20
19, 2
19, 2
19, 19
19, 18
19, 18
19, 18
19, 17
19, 12
19, 1
189, 8
189, 8
189, 8
189, 8
189, 7
189, 7
189, 7
189, 6
189, 6
189, 57
189, 57
189, 57
189, 57
189, 56
189, 56
189, 53
189, 53
189, 53
189, 52
189, 51
189, 5
189, 5
189, 5
189, 49
189, 49
189, 48
189, 47
189, 46
189, 45
189, 42
189, 4
189, 4
189, 37
189, 35
189, 33
189, 32
189, 31
189, 30
189, 3
189, 29
189, 29
189, 29
189, 27
189, 27
189, 27
189, 27
189, 26
189, 25
189, 24
189, 23
189, 23
189, 22
189, 22
189, 21
189, 21
189, 21
189, 21
189, 21
189, 21
189, 20
189, 20
189, 2
189, 19
189, 19
189, 19
189, 19
189, 18
189, 18
189, 18
189, 17
189, 17
189, 17
189, 17
189, 14
189, 14
189, 14
189, 12
189, 11
189, 11
188, 9
188, 9
188, 8
188, 8
188, 8
188, 7
188, 7
188, 6
188, 55
188, 52
188, 50
188, 5
188, 49
188, 48
188, 42
188, 42
188, 42
188, 4
188, 4
188, 39
188, 38
188, 37
188, 35
188, 32
188, 31
188, 30
188, 3
188, 3
188, 3
188, 3
188, 29
188, 29
188, 29
188, 28
188, 26
188, 26
188, 25
188, 25
188, 25
188, 25
188, 24
188, 24
188, 23
188, 23
188, 23
188, 22
188, 22
188, 22
188, 21
188, 21
188, 21
188, 21
188, 21
188, 21
188, 20
188, 20
188, 2
188, 2
188, 2
188, 19
188, 19
188, 19
188, 18
188, 18
188, 17
188, 16
188, 15
188, 15
188, 14
188, 12
188, 11
188, 11
188, 1
188, 1
188, 1
187, 8
187, 8
187, 8
187, 8
187, 7
187, 7
187, 7
187, 7
187, 6
187, 6
187, 56
187, 55
187, 55
187, 54
187, 51
187, 50
187, 50
187, 50
187, 5
187, 5
187, 47
187, 46
187, 46
187, 46
187, 45
187, 44
187, 44
187, 43
187, 42
187, 42
187, 40
187, 40
187, 4
187, 4
187, 4
187, 4
187, 4
187, 35
187, 34
187, 32
187, 31
187, 30
187, 3
187, 3
187, 29
187, 29
187, 29
187, 29
187, 27
187, 27
187, 26
187, 26
187, 25
187, 25
187, 24
187, 24
187, 24
187, 24
187, 23
187, 23
187, 23
187, 22
187, 22
187, 21
187, 20
187, 20
187, 2
187, 2
187, 19
187, 19
187, 19
187, 18
187, 18
187, 18
187, 18
187, 18
187, 17
187, 17
187, 17
187, 17
187, 17
187, 14
187, 13
187, 13
187, 12
187, 1
187, 1
187, 1
187, 1
186, 8
186, 8
186, 8
186, 7
186, 6
186, 6
186, 6
186, 57
186, 57
186, 57
186, 55
186, 55
186, 55
186, 53
186, 52
186, 51
186, 50
186, 50
186, 5
186, 5
186, 5
186, 5
186, 5
186, 5
186, 47
186, 47
186, 47
186, 46
186, 42
186, 41
186, 4
186, 4
186, 39
186, 39
186, 37
186, 35
186, 33
186, 32
186, 32
186, 32
186, 32
186, 32
186, 31
186, 31
186, 30
186, 3
186, 3
186, 29
186, 29
186, 29
186, 29
186, 28
186, 28
186, 27
186, 26
186, 25
186, 25
186, 25
186, 25
186, 24
186, 24
186, 24
186, 24
186, 24
186, 24
186, 23
186, 23
186, 22
186, 22
186, 22
186, 21
186, 21
186, 21
186, 20
186, 20
186, 20
186, 20
186, 20
186, 2
186, 2
186, 2
186, 2
186, 19
186, 19
186, 18
186, 18
186, 18
186, 18
186, 17
186, 17
186, 17
186, 17
186, 17
186, 17
186, 17
186, 16
186, 16
186, 16
186, 15
186, 11
186, 10
186, 10
186, 1
185, 9
185, 8
185, 7
185, 7
185, 57
185, 56
185, 55
185, 54
185, 53
185, 52
185, 5
185, 5
185, 5
185, 5
185, 47
185, 45
185, 45
185, 44
185, 42
185, 42
185, 4
185, 4
185, 4
185, 4
185, 38
185, 36
185, 33
185, 33
185, 32
185, 31
185, 31
185, 3
185, 3
185, 29
185, 29
185, 29
185, 29
185, 29
185, 28
185, 28
185, 28
185, 27
185, 26
185, 25
185, 24
185, 24
185, 24
185, 24
185, 23
185, 23
185, 23
185, 23
185, 22
185, 21
185, 21
185, 21
185, 21
185, 21
185, 21
185, 2
185, 2
185, 2
185, 2
185, 19
185, 19
185, 19
185, 19
185, 17
185, 17
185, 17
185, 15
185, 15
185, 15
185, 14
185, 13
185, 11
185, 11
185, 11
185, 11
185, 1
185, 1
185, 1
185, 1
184, 8
184, 8
184, 8
184, 8
184, 7
184, 7
184, 7
184, 7
184, 6
184, 6
184, 6
184, 6
184, 6
184, 6
184, 57
184, 57
184, 57
184, 56
184, 55
184, 52
184, 51
184, 51
184, 51
184, 50
184, 5
184, 5
184, 5
184, 49
184, 49
184, 48
184, 45
184, 44
184, 44
184, 43
184, 42
184, 42
184, 41
184, 4
184, 36
184, 34
184, 32
184, 32
184, 32
184, 31
184, 31
184, 31
184, 30
184, 30
184, 30
184, 3
184, 3
184, 29
184, 29
184, 29
184, 29
184, 29
184, 27
184, 27
184, 27
184, 27
184, 26
184, 24
184, 24
184, 23
184, 23
184, 23
184, 22
184, 21
184, 21
184, 20
184, 20
184, 20
184, 20
184, 2
184, 19
184, 19
184, 19
184, 18
184, 18
184, 18
184, 18
184, 17
184, 17
184, 17
184, 17
184, 16
184, 16
184, 13
184, 12
184, 1
184, 1
184, 1
183, 9
183, 8
183, 8
183, 7
183, 7
183, 7
183, 7
183, 7
183, 6
183, 6
183, 6
183, 6
183, 6
183, 6
183, 6
183, 6
183, 6
183, 57
183, 56
183, 55
183, 50
183, 5
183, 5
183, 5
183, 5
183, 48
183, 44
183, 43
183, 41
183, 40
183, 4
183, 4
183, 4
183, 4
183, 4
183, 39
183, 39
183, 37
183, 37
183, 34
183, 33
183, 31
183, 31
183, 31
183, 3
183, 3
183, 29
183, 28
183, 28
183, 27
183, 26
183, 26
183, 25
183, 25
183, 25
183, 25
183, 25
183, 24
183, 24
183, 24
183, 24
183, 24
183, 24
183, 24
183, 23
183, 21
183, 20
183, 20
183, 20
183, 20
183, 2
183, 2
183, 2
183, 2
183, 2
183, 2
183, 2
183, 19
183, 18
183, 18
183, 18
183, 17
183, 14
183, 14
183, 12
183, 11
183, 10
182, 8
182, 8
182, 8
182, 8
182, 8
182, 7
182, 6
182, 6
182, 6
182, 57
182, 55
182, 54
182, 54
182, 53
182, 52
182, 52
182, 5
182, 5
182, 5
182, 5
182, 5
182, 49
182, 49
182, 47
182, 47
182, 47
182, 46
182, 44
182, 44
182, 43
182, 41
182, 41
182, 40
182, 40
182, 38
182, 38
182, 37
182, 35
182, 32
182, 32
182, 32
182, 32
182, 31
182, 31
182, 31
182, 31
182, 31
182, 3
182, 3
182, 3
182, 3
182, 29
182, 29
182, 28
182, 28
182, 27
182, 27
182, 26
182, 25
182, 25
182, 25
182, 24
182, 24
182, 24
182, 24
182, 23
182, 23
182, 22
182, 21
182, 21
182, 20
182, 20
182, 20
182, 20
182, 2
182, 2
182, 2
182, 2
182, 2
182, 2
182, 19
182, 19
182, 18
182, 17
182, 17
182, 17
182, 16
182, 16
182, 15
182, 15
182, 11
182, 11
182, 11
182, 1
181, 8
181, 8
181, 8
181, 8
181, 8
181, 8
181, 8
181, 8
181, 7
181, 7
181, 6
181, 6
181, 57
181, 53
181, 50
181, 5
181, 5
181, 5
181, 5
181, 5
181, 49
181, 49
181, 49
181, 48
181, 45
181, 44
181, 43
181, 4
181, 4
181, 4
181, 39
181, 37
181, 36
181, 34
181, 34
181, 32
181, 31
181, 31
181, 30
181, 3
181, 3
181, 3
181, 3
181, 29
181, 29
181, 28
181, 28
181, 28
181, 27
181, 27
181, 27
181, 27
181, 26
181, 26
181, 25
181, 25
181, 24
181, 23
181, 23
181, 23
181, 23
181, 23
181, 23
181, 22
181, 21
181, 21
181, 21
181, 20
181, 20
181, 20
181, 20
181, 2
181, 2
181, 2
181, 19
181, 19
181, 19
181, 18
181, 18
181, 18
181, 17
181, 17
181, 16
181, 15
181, 10
181, 1
180, 9
180, 8
180, 8
180, 8
180, 7
180, 7
180, 7
180, 7
180, 6
180, 6
180, 6
180, 6
180, 6
180, 57
180, 56
180, 55
180, 55
180, 53
180, 53
180, 52
180, 52
180, 50
180, 5
180, 5
180, 5
180, 5
180, 47
180, 44
180, 43
180, 43
180, 42
180, 40
180, 4
180, 4
180, 4
180, 4
180, 4
180, 38
180, 36
180, 35
180, 32
180, 31
180, 31
180, 31
180, 30
180, 30
180, 30
180, 30
180, 3
180, 3
180, 28
180, 28
180, 28
180, 27
180, 26
180, 26
180, 26
180, 26
180, 26
180, 25
180, 25
180, 24
180, 24
180, 23
180, 23
180, 23
180, 23
180, 22
180, 22
180, 21
180, 21
180, 20
180, 20
180, 20
180, 2
180, 2
180, 19
180, 19
180, 18
180, 18
180, 18
180, 17
180, 17
180, 17
180, 16
180, 13
180, 13
180, 13
180, 12
180, 11
180, 11
180, 11
180, 11
180, 1
180, 1
180, 1
180, 1
180, 1
180, 1
18, 9
18, 9
18, 7
18, 7
18, 7
18, 7
18, 7
18, 6
18, 6
18, 56
18, 56
18, 54
18, 52
18, 5
18, 5
18, 49
18, 47
18, 44
18, 4
18, 4
18, 33
18, 32
18, 31
18, 30
18, 3
18, 28
18, 28
18, 27
18, 27
18, 27
18, 24
18, 22
18, 21
18, 21
18, 2
18, 2
18, 18
18, 17
18, 17
18, 17
18, 17
18, 15
18, 14
18, 11
18, 1
18, 1
179, 8
179, 7
179, 6
179, 6
179, 6
179, 57
179, 50
179, 5
179, 5
179, 5
179, 48
179, 47
179, 47
179, 47
179, 45
179, 45
179, 44
179, 42
179, 4
179, 37
179, 32
179, 32
179, 31
179, 30
179, 30
179, 3
179, 3
179, 3
179, 29
179, 29
179, 29
179, 28
179, 26
179, 26
179, 26
179, 26
179, 25
179, 24
179, 22
179, 21
179, 21
179, 21
179, 20
179, 2
179, 19
179, 19
179, 19
179, 18
179, 18
179, 18
179, 18
179, 17
179, 14
179, 11
179, 11
179, 1
179, 1
179, 1
179, 1
179, 1
179, 1
178, 8
178, 8
178, 8
178, 8
178, 8
178, 8
178, 7
178, 6
178, 6
178, 6
178, 6
178, 57
178, 57
178, 57
178, 53
178, 53
178, 50
178, 50
178, 5
178, 5
178, 5
178, 5
178, 5
178, 5
178, 5
178, 49
178, 46
178, 45
178, 44
178, 43
178, 42
178, 4
178, 4
178, 39
178, 38
178, 37
178, 36
178, 36
178, 35
178, 34
178, 33
178, 32
178, 30
178, 30
178, 3
178, 3
178, 3
178, 3
178, 28
178, 28
178, 27
178, 27
178, 27
178, 27
178, 25
178, 24
178, 24
178, 23
178, 23
178, 23
178, 23
178, 22
178, 22
178, 22
178, 22
178, 22
178, 22
178, 21
178, 21
178, 2
178, 2
178, 2
178, 19
178, 19
178, 19
178, 18
178, 17
178, 17
178, 17
178, 17
178, 17
178, 17
178, 16
178, 15
178, 15
178, 14
178, 14
178, 13
178, 13
178, 12
178, 11
178, 11
178, 10
177, 8
177, 8
177, 7
177, 57
177, 57
177, 56
177, 56
177, 56
177, 56
177, 56
177, 55
177, 54
177, 51
177, 5
177, 5
177, 5
177, 5
177, 5
177, 48
177, 47
177, 45
177, 43
177, 42
177, 42
177, 4
177, 4
177, 37
177, 35
177, 35
177, 33
177, 32
177, 31
177, 31
177, 30
177, 28
177, 28
177, 27
177, 27
177, 25
177, 25
177, 24
177, 24
177, 24
177, 24
177, 24
177, 23
177, 23
177, 23
177, 22
177, 22
177, 21
177, 21
177, 20
177, 2
177, 2
177, 2
177, 19
177, 18
177, 18
177, 17
177, 16
177, 15
177, 14
177, 13
177, 11
177, 1
177, 1
176, 9
176, 7
176, 7
176, 6
176, 6
176, 6
176, 6
176, 6
176, 6
176, 57
176, 56
176, 55
176, 54
176, 53
176, 53
176, 52
176, 50
176, 50
176, 5
176, 47
176, 47
176, 47
176, 46
176, 45
176, 43
176, 40
176, 4
176, 4
176, 4
176, 39
176, 37
176, 37
176, 37
176, 36
176, 36
176, 34
176, 34
176, 33
176, 32
176, 31
176, 31
176, 31
176, 30
176, 3
176, 3
176, 29
176, 29
176, 29
176, 29
176, 29
176, 28
176, 28
176, 27
176, 27
176, 27
176, 25
176, 25
176, 24
176, 24
176, 24
176, 23
176, 23
176, 23
176, 23
176, 23
176, 23
176, 22
176, 22
176, 22
176, 21
176, 20
176, 20
176, 20
176, 20
176, 20
176, 2
176, 2
176, 19
176, 18
176, 18
176, 18
176, 17
176, 17
176, 17
176, 15
176, 13
176, 13
176, 10
176, 10
176, 1
175, 8
175, 8
175, 7
175, 6
175, 6
175, 6
175, 6
175, 6
175, 6
175, 57
175, 56
175, 55
175, 53
175, 51
175, 5
175, 5
175, 5
175, 5
175, 48
175, 47
175, 47
175, 45
175, 43
175, 43
175, 4
175, 4
175, 4
175, 33
175, 32
175, 31
175, 30
175, 30
175, 3
175, 3
175, 3
175, 29
175, 29
175, 28
175, 28
175, 27
175, 26
175, 26
175, 25
175, 24
175, 24
175, 24
175, 24
175, 23
175, 23
175, 23
175, 23
175, 23
175, 22
175, 22
175, 21
175, 21
175, 2
175, 2
175, 19
175, 18
175, 18
175, 18
175, 18
175, 17
175, 16
175, 14
175, 13
175, 12
175, 1
175, 1
175, 1
174, 9
174, 8
174, 8
174, 8
174, 8
174, 7
174, 7
174, 7
174, 7
174, 6
174, 6
174, 6
174, 6
174, 57
174, 55
174, 54
174, 52
174, 50
174, 5
174, 5
174, 49
174, 46
174, 45
174, 45
174, 42
174, 41
174, 40
174, 4
174, 4
174, 4
174, 4
174, 4
174, 4
174, 36
174, 34
174, 31
174, 31
174, 31
174, 30
174, 3
174, 29
174, 29
174, 29
174, 28
174, 28
174, 27
174, 27
174, 27
174, 27
174, 27
174, 26
174, 26
174, 25
174, 25
174, 25
174, 24
174, 23
174, 23
174, 22
174, 22
174, 22
174, 21
174, 21
174, 21
174, 20
174, 20
174, 20
174, 20
174, 20
174, 20
174, 2
174, 2
174, 2
174, 2
174, 2
174, 19
174, 19
174, 19
174, 19
174, 18
174, 18
174, 18
174, 18
174, 17
174, 17
174, 14
174, 1
174, 1
174, 1
173, 9
173, 8
173, 8
173, 7
173, 6
173, 6
173, 56
173, 56
173, 53
173, 52
173, 50
173, 50
173, 5
173, 5
173, 5
173, 5
173, 48
173, 48
173, 48
173, 46
173, 45
173, 45
173, 44
173, 44
173, 40
173, 4
173, 4
173, 4
173, 4
173, 38
173, 37
173, 37
173, 34
173, 34
173, 32
173, 32
173, 31
173, 31
173, 31
173, 31
173, 30
173, 30
173, 30
173, 3
173, 3
173, 3
173, 29
173, 29
173, 28
173, 27
173, 27
173, 27
173, 26
173, 24
173, 24
173, 24
173, 24
173, 24
173, 23
173, 23
173, 23
173, 22
173, 22
173, 21
173, 21
173, 20
173, 20
173, 2
173, 2
173, 2
173, 2
173, 19
173, 19
173, 18
173, 18
173, 17
173, 17
173, 17
173, 15
173, 14
173, 14
173, 13
173, 12
173, 10
173, 1
172, 9
172, 8
172, 7
172, 7
172, 6
172, 6
172, 6
172, 6
172, 57
172, 57
172, 57
172, 57
172, 57
172, 56
172, 56
172, 55
172, 55
172, 54
172, 54
172, 54
172, 54
172, 52
172, 5
172, 5
172, 5
172, 5
172, 48
172, 47
172, 47
172, 46
172, 45
172, 45
172, 45
172, 44
172, 43
172, 41
172, 4
172, 4
172, 4
172, 39
172, 35
172, 34
172, 32
172, 31
172, 31
172, 31
172, 31
172, 30
172, 30
172, 3
172, 3
172, 29
172, 29
172, 29
172, 29
172, 29
172, 29
172, 29
172, 29
172, 27
172, 27
172, 27
172, 27
172, 26
172, 26
172, 26
172, 25
172, 25
172, 25
172, 25
172, 24
172, 24
172, 23
172, 23
172, 22
172, 22
172, 22
172, 22
172, 21
172, 21
172, 21
172, 20
172, 2
172, 2
172, 19
172, 19
172, 19
172, 19
172, 19
172, 17
172, 17
172, 17
172, 17
172, 13
172, 12
172, 11
172, 11
172, 10
171, 9
171, 7
171, 6
171, 6
171, 6
171, 6
171, 6
171, 6
171, 56
171, 55
171, 54
171, 53
171, 53
171, 52
171, 49
171, 47
171, 47
171, 46
171, 40
171, 4
171, 4
171, 4
171, 4
171, 4
171, 4
171, 4
171, 36
171, 35
171, 32
171, 31
171, 3
171, 28
171, 27
171, 27
171, 26
171, 26
171, 26
171, 25
171, 24
171, 24
171, 24
171, 23
171, 23
171, 22
171, 22
171, 21
171, 21
171, 21
171, 20
171, 2
171, 2
171, 19
171, 19
171, 19
171, 18
171, 18
171, 18
171, 18
171, 18
171, 18
171, 17
171, 17
171, 17
171, 17
171, 16
171, 15
171, 13
170, 8
170, 8
170, 8
170, 7
170, 7
170, 7
170, 6
170, 6
170, 6
170, 6
170, 6
170, 6
170, 6
170, 6
170, 6
170, 6
170, 57
170, 56
170, 52
170, 52
170, 52
170, 51
170, 5
170, 5
170, 5
170, 5
170, 5
170, 48
170, 47
170, 46
170, 46
170, 44
170, 43
170, 43
170, 42
170, 42
170, 41
170, 40
170, 4
170, 4
170, 4
170, 4
170, 4
170, 4
170, 39
170, 39
170, 39
170, 39
170, 37
170, 34
170, 34
170, 33
170, 32
170, 30
170, 30
170, 3
170, 3
170, 3
170, 29
170, 29
170, 29
170, 29
170, 29
170, 29
170, 29
170, 28
170, 28
170, 27
170, 27
170, 26
170, 26
170, 25
170, 25
170, 24
170, 24
170, 24
170, 23
170, 23
170, 23
170, 22
170, 22
170, 21
170, 20
170, 20
170, 2
170, 2
170, 2
170, 2
170, 19
170, 19
170, 19
170, 19
170, 18
170, 18
170, 18
170, 14
170, 14
170, 13
170, 13
170, 12
170, 11
170, 10
170, 10
170, 1
170, 1
17, 8
17, 8
17, 7
17, 6
17, 6
17, 6
17, 57
17, 57
17, 57
17, 55
17, 53
17, 5
17, 5
17, 45
17, 43
17, 43
17, 4
17, 4
17, 4
17, 32
17, 32
17, 31
17, 30
17, 30
17, 3
17, 3
17, 3
17, 3
17, 27
17, 26
17, 24
17, 24
17, 24
17, 23
17, 23
17, 22
17, 21
17, 20
17, 20
17, 2
17, 2
17, 19
17, 19
17, 15
17, 15
17, 15
17, 13
17, 10
17, 1
17, 1
169, 8
169, 7
169, 7
169, 7
169, 7
169, 7
169, 6
169, 6
169, 6
169, 57
169, 57
169, 57
169, 56
169, 50
169, 49
169, 49
169, 47
169, 41
169, 4
169, 4
169, 37
169, 35
169, 35
169, 34
169, 34
169, 32
169, 31
169, 31
169, 30
169, 3
169, 3
169, 3
169, 29
169, 29
169, 27
169, 27
169, 27
169, 26
169, 26
169, 25
169, 24
169, 24
169, 23
169, 23
169, 23
169, 22
169, 22
169, 21
169, 21
169, 2
169, 19
169, 19
169, 19
169, 19
169, 19
169, 19
169, 18
169, 18
169, 18
169, 17
169, 17
169, 16
169, 14
169, 12
169, 11
169, 11
169, 1
169, 1
169, 1
168, 9
168, 9
168, 8
168, 8
168, 7
168, 7
168, 7
168, 6
168, 6
168, 56
168, 56
168, 54
168, 53
168, 52
168, 52
168, 52
168, 52
168, 50
168, 50
168, 5
168, 5
168, 48
168, 48
168, 48
168, 46
168, 46
168, 45
168, 43
168, 42
168, 41
168, 4
168, 4
168, 38
168, 38
168, 37
168, 35
168, 34
168, 32
168, 3
168, 3
168, 3
168, 3
168, 29
168, 29
168, 29
168, 29
168, 29
168, 27
168, 26
168, 25
168, 25
168, 25
168, 24
168, 24
168, 24
168, 24
168, 24
168, 24
168, 24
168, 23
168, 23
168, 23
168, 22
168, 22
168, 22
168, 22
168, 22
168, 21
168, 21
168, 21
168, 21
168, 20
168, 2
168, 2
168, 18
168, 18
168, 18
168, 17
168, 17
168, 17
168, 16
168, 16
168, 15
168, 14
168, 11
168, 11
168, 11
168, 1
168, 1
168, 1
167, 8
167, 8
167, 8
167, 8
167, 7
167, 7
167, 7
167, 7
167, 6
167, 6
167, 57
167, 55
167, 5
167, 5
167, 5
167, 48
167, 47
167, 47
167, 46
167, 45
167, 43
167, 42
167, 40
167, 40
167, 36
167, 35
167, 32
167, 32
167, 31
167, 30
167, 30
167, 3
167, 3
167, 3
167, 3
167, 3
167, 27
167, 27
167, 26
167, 26
167, 24
167, 24
167, 24
167, 23
167, 22
167, 21
167, 19
167, 16
167, 12
167, 11
167, 11
167, 1
166, 8
166, 7
166, 7
166, 6
166, 57
166, 57
166, 56
166, 56
166, 56
166, 53
166, 53
166, 52
166, 51
166, 50
166, 50
166, 5
166, 5
166, 5
166, 42
166, 41
166, 40
166, 4
166, 4
166, 4
166, 4
166, 37
166, 36
166, 34
166, 31
166, 31
166, 30
166, 27
166, 27
166, 26
166, 25
166, 25
166, 25
166, 24
166, 23
166, 23
166, 23
166, 23
166, 23
166, 22
166, 22
166, 22
166, 22
166, 22
166, 22
166, 22
166, 21
166, 21
166, 21
166, 20
166, 20
166, 2
166, 2
166, 2
166, 2
166, 2
166, 2
166, 19
166, 18
166, 18
166, 18
166, 18
166, 18
166, 17
166, 17
166, 17
166, 17
166, 17
166, 17
166, 15
166, 13
166, 12
166, 11
166, 1
165, 8
165, 8
165, 8
165, 7
165, 7
165, 7
165, 7
165, 7
165, 7
165, 7
165, 6
165, 6
165, 6
165, 6
165, 55
165, 53
165, 5
165, 5
165, 5
165, 5
165, 45
165, 44
165, 44
165, 43
165, 40
165, 39
165, 39
165, 38
165, 37
165, 37
165, 36
165, 35
165, 34
165, 32
165, 31
165, 3
165, 3
165, 3
165, 3
165, 28
165, 28
165, 27
165, 27
165, 26
165, 26
165, 26
165, 25
165, 24
165, 23
165, 22
165, 21
165, 21
165, 21
165, 20
165, 2
165, 2
165, 2
165, 2
165, 2
165, 18
165, 18
165, 17
165, 17
165, 17
165, 16
165, 15
165, 14
165, 11
165, 11
165, 10
165, 1
165, 1
164, 8
164, 8
164, 8
164, 8
164, 8
164, 8
164, 8
164, 7
164, 7
164, 7
164, 6
164, 57
164, 57
164, 56
164, 54
164, 53
164, 50
164, 50
164, 5
164, 48
164, 46
164, 45
164, 45
164, 44
164, 44
164, 44
164, 42
164, 41
164, 4
164, 4
164, 4
164, 4
164, 4
164, 4
164, 39
164, 38
164, 35
164, 32
164, 32
164, 31
164, 31
164, 3
164, 3
164, 3
164, 3
164, 28
164, 28
164, 27
164, 27
164, 26
164, 26
164, 25
164, 23
164, 23
164, 22
164, 22
164, 22
164, 21
164, 21
164, 20
164, 20
164, 2
164, 2
164, 2
164, 2
164, 2
164, 19
164, 19
164, 19
164, 18
164, 18
164, 17
164, 17
164, 17
164, 17
164, 15
164, 12
164, 11
164, 10
164, 1
164, 1
164, 1
163, 8
163, 8
163, 8
163, 7
163, 7
163, 7
163, 7
163, 7
163, 6
163, 6
163, 6
163, 6
163, 57
163, 55
163, 55
163, 53
163, 53
163, 51
163, 50
163, 50
163, 5
163, 44
163, 44
163, 41
163, 40
163, 38
163, 37
163, 32
163, 31
163, 31
163, 31
163, 30
163, 3
163, 3
163, 3
163, 3
163, 29
163, 29
163, 28
163, 26
163, 26
163, 26
163, 25
163, 25
163, 23
163, 23
163, 23
163, 21
163, 21
163, 21
163, 21
163, 20
163, 2
163, 2
163, 18
163, 18
163, 17
163, 17
163, 17
163, 16
163, 1
162, 9
162, 8
162, 7
162, 7
162, 7
162, 6
162, 6
162, 6
162, 6
162, 57
162, 55
162, 51
162, 51
162, 5
162, 5
162, 49
162, 47
162, 46
162, 46
162, 46
162, 46
162, 44
162, 40
162, 40
162, 4
162, 4
162, 39
162, 38
162, 38
162, 35
162, 33
162, 32
162, 32
162, 30
162, 3
162, 29
162, 28
162, 28
162, 28
162, 28
162, 27
162, 27
162, 25
162, 25
162, 24
162, 23
162, 23
162, 22
162, 21
162, 21
162, 21
162, 20
162, 20
162, 20
162, 19
162, 19
162, 19
162, 19
162, 19
162, 18
162, 17
162, 17
162, 15
162, 15
162, 15
162, 11
162, 1
162, 1
162, 1
162, 1
161, 8
161, 7
161, 6
161, 57
161, 56
161, 55
161, 5
161, 5
161, 49
161, 46
161, 42
161, 42
161, 4
161, 4
161, 4
161, 4
161, 35
161, 35
161, 34
161, 33
161, 31
161, 31
161, 31
161, 30
161, 3
161, 3
161, 29
161, 28
161, 27
161, 24
161, 24
161, 24
161, 22
161, 22
161, 21
161, 20
161, 18
161, 18
161, 17
161, 17
161, 13
161, 10
161, 10
161, 1
161, 1
160, 8
160, 7
160, 7
160, 7
160, 54
160, 53
160, 53
160, 5
160, 5
160, 5
160, 48
160, 48
160, 48
160, 43
160, 41
160, 4
160, 4
160, 4
160, 4
160, 4
160, 4
160, 35
160, 35
160, 33
160, 31
160, 31
160, 31
160, 30
160, 3
160, 29
160, 29
160, 28
160, 27
160, 27
160, 27
160, 26
160, 25
160, 24
160, 24
160, 24
160, 22
160, 21
160, 21
160, 19
160, 19
160, 19
160, 18
160, 16
160, 14
160, 13
160, 11
160, 11
160, 10
160, 10
160, 1
160, 1
16, 8
16, 8
16, 7
16, 7
16, 6
16, 6
16, 6
16, 6
16, 6
16, 57
16, 57
16, 57
16, 57
16, 52
16, 5
16, 48
16, 44
16, 44
16, 40
16, 40
16, 4
16, 4
16, 4
16, 35
16, 34
16, 34
16, 33
16, 33
16, 33
16, 33
16, 31
16, 30
16, 3
16, 3
16, 29
16, 29
16, 28
16, 27
16, 27
16, 26
16, 23
16, 22
16, 22
16, 22
16, 22
16, 21
16, 21
16, 20
16, 20
16, 19
16, 18
16, 18
16, 17
16, 17
16, 14
16, 14
159, 9
159, 8
159, 8
159, 6
159, 6
159, 6
159, 55
159, 54
159, 50
159, 50
159, 50
159, 5
159, 5
159, 43
159, 41
159, 34
159, 31
159, 31
159, 30
159, 30
159, 3
159, 29
159, 28
159, 28
159, 27
159, 26
159, 26
159, 25
159, 24
159, 24
159, 24
159, 24
159, 23
159, 22
159, 22
159, 22
159, 22
159, 21
159, 21
159, 21
159, 20
159, 2
159, 2
159, 2
159, 2
159, 19
159, 19
159, 19
159, 19
159, 19
159, 18
159, 18
159, 18
159, 18
159, 17
159, 15
159, 14
159, 11
159, 1
159, 1
159, 1
158, 9
158, 9
158, 6
158, 6
158, 56
158, 54
158, 53
158, 5
158, 5
158, 48
158, 45
158, 4
158, 4
158, 39
158, 37
158, 37
158, 35
158, 34
158, 32
158, 31
158, 30
158, 30
158, 3
158, 29
158, 28
158, 28
158, 27
158, 27
158, 27
158, 26
158, 25
158, 24
158, 24
158, 23
158, 23
158, 23
158, 23
158, 23
158, 22
158, 21
158, 21
158, 21
158, 21
158, 21
158, 2
158, 2
158, 19
158, 19
158, 19
158, 18
158, 18
158, 18
158, 18
158, 17
158, 16
158, 15
158, 14
158, 13
158, 13
158, 10
158, 1
157, 8
157, 8
157, 7
157, 7
157, 7
157, 6
157, 57
157, 57
157, 56
157, 55
157, 55
157, 55
157, 55
157, 55
157, 54
157, 51
157, 50
157, 5
157, 49
157, 49
157, 47
157, 46
157, 45
157, 45
157, 43
157, 42
157, 4
157, 4
157, 36
157, 35
157, 32
157, 32
157, 32
157, 31
157, 31
157, 30
157, 3
157, 3
157, 3
157, 3
157, 29
157, 29
157, 29
157, 28
157, 28
157, 25
157, 25
157, 25
157, 25
157, 24
157, 24
157, 24
157, 23
157, 23
157, 23
157, 22
157, 21
157, 21
157, 20
157, 20
157, 20
157, 2
157, 2
157, 2
157, 19
157, 18
157, 18
157, 18
157, 18
157, 17
157, 17
157, 15
157, 12
157, 11
157, 10
157, 10
157, 1
157, 1
157, 1
157, 1
156, 9
156, 7
156, 7
156, 6
156, 6
156, 57
156, 53
156, 5
156, 5
156, 5
156, 5
156, 45
156, 43
156, 43
156, 43
156, 41
156, 40
156, 4
156, 4
156, 4
156, 35
156, 34
156, 33
156, 32
156, 32
156, 3
156, 29
156, 27
156, 25
156, 24
156, 22
156, 22
156, 21
156, 20
156, 20
156, 20
156, 2
156, 19
156, 19
156, 18
156, 18
156, 17
156, 17
156, 17
156, 16
156, 15
156, 15
156, 14
156, 12
156, 11
156, 10
156, 1
156, 1
155, 8
155, 8
155, 6
155, 55
155, 55
155, 54
155, 53
155, 53
155, 5
155, 5
155, 42
155, 42
155, 41
155, 41
155, 4
155, 4
155, 4
155, 39
155, 36
155, 36
155, 36
155, 31
155, 30
155, 30
155, 3
155, 3
155, 3
155, 3
155, 3
155, 29
155, 29
155, 29
155, 28
155, 28
155, 27
155, 26
155, 26
155, 25
155, 25
155, 24
155, 23
155, 23
155, 23
155, 21
155, 21
155, 21
155, 20
155, 2
155, 2
155, 19
155, 18
155, 18
155, 18
155, 17
155, 16
155, 15
155, 15
155, 15
155, 14
155, 14
155, 13
155, 12
155, 12
155, 12
155, 12
155, 10
154, 8
154, 8
154, 8
154, 8
154, 7
154, 7
154, 7
154, 7
154, 7
154, 7
154, 7
154, 6
154, 6
154, 52
154, 50
154, 50
154, 50
154, 5
154, 5
154, 45
154, 45
154, 44
154, 43
154, 43
154, 41
154, 4
154, 4
154, 38
154, 38
154, 34
154, 32
154, 32
154, 31
154, 30
154, 30
154, 3
154, 3
154, 3
154, 29
154, 28
154, 27
154, 25
154, 25
154, 24
154, 24
154, 23
154, 22
154, 22
154, 21
154, 20
154, 2
154, 18
154, 18
154, 17
154, 17
154, 17
154, 16
154, 16
154, 15
154, 14
154, 13
154, 11
154, 11
154, 10
154, 1
154, 1
154, 1
153, 8
153, 8
153, 8
153, 8
153, 8
153, 8
153, 7
153, 6
153, 6
153, 6
153, 6
153, 6
153, 6
153, 6
153, 52
153, 5
153, 5
153, 42
153, 41
153, 41
153, 4
153, 4
153, 4
153, 38
153, 36
153, 34
153, 32
153, 32
153, 32
153, 31
153, 30
153, 3
153, 3
153, 3
153, 3
153, 3
153, 3
153, 3
153, 29
153, 28
153, 28
153, 27
153, 26
153, 25
153, 24
153, 23
153, 23
153, 21
153, 21
153, 20
153, 2
153, 2
153, 18
153, 17
153, 17
153, 17
153, 17
153, 17
153, 1
153, 1
152, 9
152, 9
152, 8
152, 8
152, 7
152, 7
152, 6
152, 6
152, 6
152, 55
152, 53
152, 53
152, 5
152, 5
152, 5
152, 5
152, 49
152, 49
152, 48
152, 48
152, 47
152, 46
152, 44
152, 43
152, 42
152, 4
152, 4
152, 36
152, 35
152, 3
152, 29
152, 28
152, 27
152, 26
152, 24
152, 23
152, 23
152, 22
152, 22
152, 22
152, 22
152, 21
152, 20
152, 20
152, 20
152, 20
152, 2
152, 2
152, 19
152, 19
152, 19
152, 19
152, 19
152, 18
152, 18
152, 18
152, 15
152, 14
152, 13
152, 13
152, 1
152, 1
152, 1
151, 9
151, 9
151, 8
151, 8
151, 7
151, 7
151, 57
151, 56
151, 56
151, 55
151, 55
151, 5
151, 5
151, 5
151, 45
151, 44
151, 42
151, 42
151, 41
151, 36
151, 34
151, 31
151, 31
151, 31
151, 31
151, 3
151, 3
151, 3
151, 3
151, 3
151, 3
151, 27
151, 26
151, 26
151, 25
151, 25
151, 24
151, 24
151, 23
151, 23
151, 23
151, 22
151, 22
151, 22
151, 22
151, 21
151, 21
151, 20
151, 20
151, 2
151, 2
151, 2
151, 19
151, 17
151, 17
151, 16
151, 16
151, 12
151, 10
151, 1
151, 1
151, 1
151, 1
150, 8
150, 7
150, 7
150, 6
150, 6
150, 6
150, 6
150, 6
150, 6
150, 57
150, 57
150, 56
150, 54
150, 52
150, 5
150, 48
150, 44
150, 41
150, 41
150, 40
150, 4
150, 38
150, 38
150, 38
150, 35
150, 33
150, 33
150, 3
150, 3
150, 29
150, 29
150, 28
150, 28
150, 27
150, 26
150, 25
150, 24
150, 23
150, 23
150, 23
150, 22
150, 22
150, 22
150, 21
150, 21
150, 21
150, 21
150, 21
150, 21
150, 20
150, 2
150, 2
150, 19
150, 19
150, 18
150, 18
150, 17
150, 17
150, 17
150, 17
150, 16
150, 14
150, 13
150, 13
150, 1
150, 1
15, 9
15, 6
15, 6
15, 5
15, 5
15, 5
15, 43
15, 4
15, 32
15, 31
15, 3
15, 3
15, 3
15, 3
15, 28
15, 26
15, 26
15, 26
15, 24
15, 23
15, 22
15, 22
15, 2
15, 18
15, 17
15, 17
15, 16
15, 15
15, 11
149, 8
149, 7
149, 7
149, 7
149, 6
149, 6
149, 6
149, 6
149, 57
149, 53
149, 53
149, 53
149, 52
149, 5
149, 5
149, 49
149, 48
149, 46
149, 45
149, 43
149, 42
149, 41
149, 40
149, 34
149, 33
149, 32
149, 32
149, 32
149, 31
149, 31
149, 31
149, 30
149, 30
149, 30
149, 3
149, 3
149, 29
149, 29
149, 27
149, 27
149, 27
149, 27
149, 27
149, 25
149, 24
149, 24
149, 23
149, 22
149, 21
149, 21
149, 21
149, 20
149, 20
149, 20
149, 20
149, 20
149, 20
149, 20
149, 2
149, 19
149, 18
149, 18
149, 17
149, 13
149, 13
149, 11
149, 1
149, 1
149, 1
148, 9
148, 9
148, 8
148, 8
148, 7
148, 7
148, 7
148, 6
148, 6
148, 6
148, 6
148, 57
148, 57
148, 56
148, 52
148, 50
148, 5
148, 5
148, 5
148, 48
148, 45
148, 44
148, 40
148, 4
148, 4
148, 4
148, 35
148, 35
148, 33
148, 31
148, 30
148, 3
148, 3
148, 29
148, 27
148, 27
148, 26
148, 26
148, 26
148, 26
148, 26
148, 26
148, 25
148, 25
148, 25
148, 24
148, 24
148, 24
148, 24
148, 24
148, 23
148, 23
148, 23
148, 23
148, 22
148, 21
148, 21
148, 21
148, 20
148, 20
148, 20
148, 2
148, 2
148, 2
148, 2
148, 2
148, 2
148, 2
148, 19
148, 19
148, 19
148, 19
148, 18
148, 17
148, 17
148, 13
148, 10
148, 1
148, 1
147, 9
147, 8
147, 8
147, 8
147, 8
147, 8
147, 7
147, 7
147, 6
147, 57
147, 55
147, 53
147, 51
147, 5
147, 5
147, 5
147, 5
147, 5
147, 47
147, 43
147, 4
147, 4
147, 4
147, 37
147, 30
147, 3
147, 3
147, 3
147, 28
147, 27
147, 24
147, 23
147, 23
147, 23
147, 23
147, 22
147, 20
147, 20
147, 20
147, 2
147, 2
147, 19
147, 18
147, 18
147, 17
147, 17
147, 17
147, 17
147, 15
147, 14
147, 12
147, 11
147, 11
147, 1
147, 1
147, 1
147, 1
146, 9
146, 8
146, 8
146, 8
146, 7
146, 7
146, 6
146, 6
146, 6
146, 57
146, 56
146, 55
146, 53
146, 52
146, 5
146, 5
146, 5
146, 49
146, 48
146, 46
146, 45
146, 43
146, 41
146, 40
146, 4
146, 38
146, 37
146, 36
146, 34
146, 33
146, 32
146, 31
146, 31
146, 30
146, 3
146, 29
146, 27
146, 25
146, 24
146, 24
146, 24
146, 23
146, 23
146, 22
146, 20
146, 20
146, 20
146, 2
146, 2
146, 2
146, 2
146, 19
146, 19
146, 19
146, 19
146, 18
146, 18
146, 18
146, 17
146, 17
146, 17
146, 16
146, 11
146, 1
146, 1
145, 8
145, 8
145, 7
145, 7
145, 7
145, 7
145, 6
145, 6
145, 6
145, 6
145, 57
145, 57
145, 57
145, 55
145, 53
145, 53
145, 53
145, 5
145, 49
145, 48
145, 47
145, 46
145, 45
145, 44
145, 43
145, 41
145, 39
145, 34
145, 34
145, 32
145, 3
145, 3
145, 28
145, 28
145, 28
145, 26
145, 25
145, 25
145, 25
145, 25
145, 24
145, 23
145, 22
145, 22
145, 21
145, 21
145, 21
145, 21
145, 2
145, 2
145, 2
145, 18
145, 18
145, 11
145, 10
145, 1
145, 1
144, 8
144, 8
144, 7
144, 7
144, 7
144, 7
144, 6
144, 57
144, 57
144, 57
144, 54
144, 53
144, 52
144, 5
144, 5
144, 48
144, 47
144, 46
144, 42
144, 41
144, 40
144, 37
144, 37
144, 36
144, 33
144, 32
144, 32
144, 30
144, 30
144, 30
144, 3
144, 3
144, 3
144, 3
144, 3
144, 28
144, 28
144, 28
144, 27
144, 26
144, 26
144, 25
144, 24
144, 24
144, 23
144, 23
144, 23
144, 22
144, 22
144, 22
144, 21
144, 21
144, 21
144, 20
144, 20
144, 2
144, 2
144, 2
144, 2
144, 19
144, 19
144, 19
144, 18
144, 18
144, 18
144, 17
144, 17
144, 15
144, 14
144, 13
144, 12
144, 10
144, 10
144, 1
144, 1
144, 1
143, 9
143, 8
143, 8
143, 8
143, 8
143, 8
143, 7
143, 7
143, 7
143, 7
143, 57
143, 54
143, 53
143, 51
143, 50
143, 5
143, 5
143, 48
143, 45
143, 45
143, 44
143, 42
143, 41
143, 41
143, 4
143, 38
143, 34
143, 34
143, 33
143, 32
143, 31
143, 31
143, 31
143, 30
143, 28
143, 28
143, 25
143, 23
143, 23
143, 22
143, 22
143, 22
143, 21
143, 20
143, 20
143, 20
143, 2
143, 2
143, 19
143, 19
143, 19
143, 19
143, 18
143, 18
143, 17
143, 17
143, 17
143, 16
143, 15
143, 15
143, 14
143, 13
143, 10
143, 1
143, 1
142, 8
142, 7
142, 7
142, 7
142, 6
142, 6
142, 6
142, 57
142, 57
142, 55
142, 54
142, 53
142, 5
142, 5
142, 5
142, 49
142, 49
142, 48
142, 44
142, 44
142, 44
142, 43
142, 4
142, 39
142, 37
142, 33
142, 32
142, 31
142, 31
142, 30
142, 30
142, 3
142, 3
142, 3
142, 3
142, 3
142, 29
142, 28
142, 27
142, 26
142, 26
142, 26
142, 24
142, 24
142, 23
142, 22
142, 21
142, 21
142, 21
142, 21
142, 20
142, 20
142, 20
142, 2
142, 2
142, 2
142, 19
142, 19
142, 16
142, 15
142, 13
142, 13
142, 11
142, 10
141, 8
141, 7
141, 7
141, 7
141, 7
141, 6
141, 6
141, 6
141, 57
141, 57
141, 56
141, 53
141, 5
141, 5
141, 5
141, 48
141, 48
141, 46
141, 46
141, 42
141, 40
141, 40
141, 4
141, 4
141, 35
141, 34
141, 34
141, 32
141, 32
141, 31
141, 31
141, 31
141, 30
141, 30
141, 3
141, 3
141, 3
141, 3
141, 26
141, 26
141, 26
141, 26
141, 25
141, 24
141, 24
141, 23
141, 23
141, 23
141, 22
141, 22
141, 21
141, 21
141, 21
141, 21
141, 20
141, 20
141, 20
141, 20
141, 19
141, 18
141, 18
141, 18
141, 17
141, 17
141, 17
141, 17
141, 16
141, 15
141, 13
141, 13
141, 13
141, 11
141, 10
141, 1
141, 1
141, 1
140, 9
140, 9
140, 9
140, 8
140, 8
140, 7
140, 7
140, 6
140, 57
140, 57
140, 57
140, 55
140, 54
140, 52
140, 51
140, 51
140, 5
140, 48
140, 45
140, 44
140, 44
140, 43
140, 42
140, 41
140, 40
140, 4
140, 35
140, 30
140, 29
140, 29
140, 29
140, 28
140, 27
140, 27
140, 26
140, 26
140, 26
140, 25
140, 25
140, 23
140, 23
140, 21
140, 21
140, 20
140, 20
140, 20
140, 2
140, 18
140, 18
140, 17
140, 17
140, 17
140, 17
140, 17
140, 14
140, 12
140, 12
140, 11
140, 1
140, 1
140, 1
140, 1
14, 9
14, 8
14, 8
14, 8
14, 8
14, 8
14, 7
14, 7
14, 7
14, 7
14, 6
14, 6
14, 57
14, 54
14, 50
14, 5
14, 49
14, 47
14, 45
14, 41
14, 4
14, 32
14, 30
14, 3
14, 3
14, 3
14, 3
14, 3
14, 28
14, 28
14, 27
14, 26
14, 26
14, 25
14, 24
14, 23
14, 23
14, 23
14, 22
14, 21
14, 21
14, 20
14, 20
14, 20
14, 2
14, 2
14, 2
14, 2
14, 19
14, 19
14, 19
14, 19
14, 18
14, 18
14, 18
14, 18
14, 17
14, 15
14, 15
14, 14
14, 1
139, 8
139, 7
139, 6
139, 57
139, 56
139, 53
139, 50
139, 50
139, 5
139, 5
139, 49
139, 48
139, 47
139, 45
139, 45
139, 44
139, 4
139, 4
139, 35
139, 32
139, 32
139, 31
139, 3
139, 29
139, 29
139, 28
139, 27
139, 26
139, 24
139, 24
139, 23
139, 21
139, 21
139, 2
139, 2
139, 2
139, 2
139, 2
139, 2
139, 19
139, 19
139, 18
139, 17
139, 13
139, 13
139, 12
139, 12
139, 11
139, 11
139, 1
138, 9
138, 8
138, 7
138, 7
138, 7
138, 7
138, 7
138, 6
138, 6
138, 57
138, 57
138, 56
138, 53
138, 50
138, 48
138, 48
138, 45
138, 43
138, 43
138, 42
138, 42
138, 41
138, 40
138, 4
138, 37
138, 37
138, 34
138, 30
138, 30
138, 3
138, 3
138, 3
138, 3
138, 29
138, 29
138, 27
138, 27
138, 25
138, 25
138, 25
138, 24
138, 24
138, 24
138, 24
138, 23
138, 23
138, 23
138, 22
138, 22
138, 22
138, 22
138, 20
138, 20
138, 2
138, 19
138, 19
138, 19
138, 18
138, 17
138, 12
138, 12
138, 11
138, 10
138, 1
138, 1
137, 9
137, 9
137, 8
137, 8
137, 6
137, 6
137, 6
137, 6
137, 54
137, 53
137, 53
137, 52
137, 51
137, 50
137, 50
137, 49
137, 47
137, 47
137, 42
137, 42
137, 4
137, 4
137, 4
137, 4
137, 37
137, 35
137, 32
137, 32
137, 32
137, 31
137, 31
137, 30
137, 3
137, 28
137, 28
137, 25
137, 24
137, 23
137, 23
137, 23
137, 23
137, 21
137, 21
137, 21
137, 20
137, 2
137, 2
137, 19
137, 19
137, 18
137, 18
137, 18
137, 18
137, 18
137, 17
137, 17
137, 17
137, 15
137, 13
137, 11
137, 10
137, 1
137, 1
136, 9
136, 9
136, 8
136, 8
136, 7
136, 7
136, 7
136, 7
136, 7
136, 6
136, 6
136, 57
136, 56
136, 53
136, 52
136, 51
136, 50
136, 5
136, 5
136, 48
136, 46
136, 43
136, 43
136, 42
136, 41
136, 4
136, 4
136, 37
136, 33
136, 32
136, 31
136, 31
136, 30
136, 30
136, 3
136, 29
136, 28
136, 28
136, 26
136, 25
136, 25
136, 24
136, 24
136, 24
136, 23
136, 21
136, 21
136, 21
136, 20
136, 20
136, 20
136, 20
136, 2
136, 2
136, 2
136, 2
136, 2
136, 2
136, 18
136, 17
136, 17
136, 17
136, 17
136, 16
136, 15
136, 14
136, 13
136, 10
136, 1
136, 1
135, 9
135, 8
135, 7
135, 7
135, 7
135, 7
135, 6
135, 6
135, 57
135, 57
135, 57
135, 55
135, 53
135, 53
135, 50
135, 5
135, 47
135, 41
135, 39
135, 38
135, 35
135, 34
135, 33
135, 32
135, 32
135, 31
135, 30
135, 3
135, 3
135, 3
135, 29
135, 29
135, 28
135, 26
135, 26
135, 25
135, 24
135, 24
135, 24
135, 23
135, 23
135, 23
135, 23
135, 23
135, 23
135, 21
135, 21
135, 21
135, 21
135, 20
135, 2
135, 2
135, 19
135, 19
135, 18
135, 17
135, 14
135, 13
135, 11
135, 1
135, 1
135, 1
135, 1
134, 8
134, 8
134, 8
134, 7
134, 7
134, 7
134, 7
134, 7
134, 7
134, 6
134, 6
134, 6
134, 6
134, 6
134, 57
134, 57
134, 56
134, 54
134, 51
134, 50
134, 5
134, 5
134, 5
134, 5
134, 47
134, 47
134, 43
134, 42
134, 42
134, 40
134, 4
134, 36
134, 35
134, 34
134, 33
134, 31
134, 30
134, 30
134, 30
134, 30
134, 3
134, 3
134, 3
134, 29
134, 29
134, 29
134, 29
134, 29
134, 29
134, 29
134, 26
134, 26
134, 25
134, 25
134, 25
134, 24
134, 23
134, 23
134, 22
134, 22
134, 21
134, 21
134, 20
134, 20
134, 2
134, 19
134, 19
134, 19
134, 18
134, 17
134, 16
134, 15
134, 15
134, 11
134, 10
134, 1
134, 1
134, 1
134, 1
134, 1
133, 9
133, 9
133, 9
133, 8
133, 8
133, 8
133, 7
133, 7
133, 7
133, 6
133, 6
133, 56
133, 55
133, 55
133, 53
133, 53
133, 51
133, 51
133, 49
133, 48
133, 43
133, 41
133, 4
133, 4
133, 4
133, 4
133, 39
133, 36
133, 34
133, 31
133, 3
133, 29
133, 29
133, 28
133, 28
133, 28
133, 27
133, 27
133, 26
133, 26
133, 26
133, 25
133, 25
133, 25
133, 25
133, 25
133, 24
133, 24
133, 22
133, 22
133, 21
133, 21
133, 19
133, 18
133, 17
133, 17
133, 15
133, 10
133, 10
132, 9
132, 8
132, 8
132, 7
132, 7
132, 6
132, 6
132, 6
132, 6
132, 6
132, 6
132, 57
132, 55
132, 51
132, 50
132, 47
132, 46
132, 42
132, 40
132, 4
132, 4
132, 4
132, 4
132, 39
132, 31
132, 31
132, 31
132, 3
132, 3
132, 3
132, 3
132, 29
132, 29
132, 29
132, 29
132, 29
132, 27
132, 27
132, 26
132, 26
132, 25
132, 23
132, 21
132, 21
132, 21
132, 20
132, 2
132, 2
132, 19
132, 19
132, 18
132, 18
132, 17
132, 13
132, 12
132, 1
132, 1
132, 1
131, 8
131, 8
131, 8
131, 7
131, 7
131, 7
131, 7
131, 6
131, 6
131, 6
131, 53
131, 51
131, 5
131, 5
131, 5
131, 49
131, 41
131, 4
131, 36
131, 33
131, 33
131, 32
131, 32
131, 31
131, 31
131, 31
131, 30
131, 29
131, 29
131, 29
131, 28
131, 26
131, 26
131, 26
131, 25
131, 24
131, 24
131, 23
131, 23
131, 23
131, 22
131, 21
131, 21
131, 20
131, 19
131, 19
131, 18
131, 18
131, 18
131, 18
131, 18
131, 17
131, 17
131, 17
131, 16
131, 14
131, 13
131, 13
131, 12
131, 1
131, 1
131, 1
131, 1
130, 8
130, 7
130, 7
130, 7
130, 6
130, 6
130, 6
130, 6
130, 57
130, 57
130, 52
130, 51
130, 51
130, 51
130, 51
130, 50
130, 5
130, 5
130, 5
130, 5
130, 5
130, 5
130, 47
130, 45
130, 45
130, 45
130, 4
130, 4
130, 39
130, 36
130, 35
130, 32
130, 32
130, 32
130, 32
130, 30
130, 3
130, 3
130, 29
130, 29
130, 27
130, 27
130, 26
130, 25
130, 25
130, 25
130, 25
130, 24
130, 23
130, 23
130, 23
130, 22
130, 22
130, 22
130, 21
130, 20
130, 20
130, 2
130, 2
130, 2
130, 2
130, 19
130, 19
130, 19
130, 19
130, 18
130, 17
130, 17
130, 16
130, 14
130, 13
130, 13
130, 13
130, 12
13, 9
13, 9
13, 9
13, 8
13, 8
13, 6
13, 57
13, 56
13, 56
13, 5
13, 5
13, 48
13, 46
13, 41
13, 4
13, 39
13, 34
13, 3
13, 3
13, 3
13, 29
13, 28
13, 23
13, 22
13, 22
13, 21
13, 20
13, 19
13, 18
13, 17
13, 17
13, 16
13, 16
13, 16
13, 12
13, 1
129, 7
129, 7
129, 7
129, 7
129, 6
129, 6
129, 57
129, 55
129, 54
129, 50
129, 5
129, 5
129, 5
129, 49
129, 48
129, 47
129, 47
129, 43
129, 4
129, 4
129, 39
129, 37
129, 31
129, 30
129, 30
129, 30
129, 3
129, 29
129, 27
129, 27
129, 27
129, 26
129, 25
129, 25
129, 24
129, 23
129, 23
129, 23
129, 22
129, 22
129, 22
129, 22
129, 22
129, 21
129, 20
129, 20
129, 2
129, 2
129, 19
129, 18
129, 18
129, 18
129, 17
129, 10
129, 1
128, 8
128, 8
128, 8
128, 7
128, 7
128, 7
128, 7
128, 7
128, 6
128, 6
128, 6
128, 6
128, 6
128, 6
128, 57
128, 57
128, 57
128, 57
128, 57
128, 56
128, 54
128, 54
128, 50
128, 5
128, 5
128, 5
128, 5
128, 5
128, 45
128, 43
128, 43
128, 40
128, 40
128, 39
128, 37
128, 36
128, 32
128, 32
128, 32
128, 31
128, 31
128, 3
128, 3
128, 29
128, 28
128, 26
128, 26
128, 26
128, 25
128, 24
128, 24
128, 24
128, 24
128, 24
128, 23
128, 22
128, 22
128, 22
128, 20
128, 20
128, 20
128, 2
128, 2
128, 2
128, 19
128, 19
128, 18
128, 18
128, 17
128, 16
128, 16
128, 16
128, 10
128, 1
128, 1
127, 7
127, 7
127, 7
127, 6
127, 6
127, 55
127, 54
127, 54
127, 53
127, 50
127, 50
127, 50
127, 5
127, 5
127, 5
127, 48
127, 47
127, 43
127, 42
127, 41
127, 40
127, 4
127, 4
127, 39
127, 37
127, 36
127, 35
127, 31
127, 31
127, 31
127, 31
127, 30
127, 3
127, 3
127, 29
127, 29
127, 28
127, 27
127, 27
127, 26
127, 26
127, 25
127, 24
127, 24
127, 23
127, 22
127, 21
127, 21
127, 20
127, 20
127, 2
127, 2
127, 19
127, 19
127, 19
127, 19
127, 19
127, 18
127, 18
127, 18
127, 18
127, 17
127, 17
127, 17
127, 14
127, 13
127, 12
127, 10
127, 1
126, 8
126, 7
126, 7
126, 6
126, 57
126, 57
126, 55
126, 53
126, 52
126, 52
126, 5
126, 5
126, 49
126, 49
126, 46
126, 45
126, 44
126, 41
126, 40
126, 4
126, 4
126, 35
126, 34
126, 34
126, 33
126, 33
126, 32
126, 31
126, 30
126, 3
126, 3
126, 3
126, 3
126, 28
126, 28
126, 28
126, 27
126, 27
126, 27
126, 26
126, 25
126, 25
126, 24
126, 24
126, 24
126, 24
126, 24
126, 24
126, 23
126, 22
126, 22
126, 20
126, 2
126, 2
126, 2
126, 19
126, 19
126, 19
126, 18
126, 18
126, 18
126, 17
126, 17
126, 17
126, 17
126, 16
126, 16
126, 15
126, 13
126, 11
126, 11
126, 10
126, 1
126, 1
126, 1
126, 1
126, 1
125, 8
125, 8
125, 8
125, 8
125, 7
125, 6
125, 6
125, 56
125, 54
125, 53
125, 52
125, 52
125, 5
125, 5
125, 5
125, 5
125, 41
125, 40
125, 4
125, 4
125, 4
125, 39
125, 38
125, 38
125, 37
125, 36
125, 33
125, 33
125, 31
125, 31
125, 29
125, 26
125, 25
125, 25
125, 24
125, 24
125, 22
125, 22
125, 21
125, 21
125, 20
125, 2
125, 2
125, 19
125, 18
125, 18
125, 18
125, 17
125, 17
125, 17
125, 13
125, 12
125, 10
125, 1
125, 1
124, 9
124, 9
124, 8
124, 8
124, 8
124, 7
124, 7
124, 7
124, 7
124, 6
124, 56
124, 55
124, 53
124, 53
124, 52
124, 51
124, 51
124, 51
124, 5
124, 45
124, 4
124, 39
124, 36
124, 35
124, 34
124, 33
124, 33
124, 32
124, 32
124, 31
124, 31
124, 30
124, 30
124, 28
124, 27
124, 27
124, 25
124, 25
124, 25
124, 24
124, 24
124, 24
124, 24
124, 24
124, 23
124, 23
124, 23
124, 23
124, 22
124, 22
124, 20
124, 20
124, 20
124, 20
124, 2
124, 2
124, 2
124, 2
124, 2
124, 19
124, 19
124, 19
124, 18
124, 18
124, 18
124, 17
124, 17
124, 17
124, 15
124, 13
124, 13
124, 13
124, 11
124, 1
123, 8
123, 8
123, 8
123, 57
123, 51
123, 50
123, 5
123, 5
123, 5
123, 5
123, 5
123, 5
123, 49
123, 45
123, 45
123, 42
123, 40
123, 4
123, 4
123, 4
123, 4
123, 38
123, 37
123, 36
123, 33
123, 33
123, 32
123, 31
123, 3
123, 28
123, 27
123, 26
123, 25
123, 23
123, 22
123, 21
123, 20
123, 20
123, 20
123, 2
123, 2
123, 18
123, 18
123, 18
123, 18
123, 16
123, 16
123, 14
123, 13
123, 10
122, 8
122, 7
122, 6
122, 57
122, 57
122, 57
122, 55
122, 55
122, 50
122, 50
122, 50
122, 5
122, 5
122, 49
122, 48
122, 46
122, 45
122, 44
122, 43
122, 43
122, 42
122, 41
122, 41
122, 41
122, 40
122, 4
122, 4
122, 35
122, 35
122, 32
122, 31
122, 31
122, 30
122, 3
122, 29
122, 29
122, 29
122, 29
122, 28
122, 27
122, 24
122, 24
122, 24
122, 24
122, 23
122, 23
122, 23
122, 23
122, 23
122, 23
122, 22
122, 22
122, 22
122, 21
122, 20
122, 20
122, 20
122, 17
122, 17
122, 17
122, 15
122, 13
122, 13
122, 10
122, 1
122, 1
121, 9
121, 8
121, 8
121, 8
121, 7
121, 7
121, 7
121, 7
121, 7
121, 6
121, 57
121, 53
121, 5
121, 5
121, 49
121, 47
121, 45
121, 45
121, 44
121, 41
121, 40
121, 4
121, 37
121, 37
121, 34
121, 32
121, 32
121, 32
121, 30
121, 3
121, 3
121, 3
121, 3
121, 29
121, 29
121, 29
121, 28
121, 24
121, 24
121, 24
121, 21
121, 20
121, 2
121, 2
121, 2
121, 2
121, 19
121, 19
121, 18
121, 17
121, 17
121, 17
121, 17
121, 16
121, 16
121, 14
121, 13
121, 12
121, 12
121, 11
121, 10
121, 1
121, 1
121, 1
121, 1
121, 1
120, 7
120, 6
120, 6
120, 6
120, 6
120, 57
120, 57
120, 53
120, 53
120, 51
120, 5
120, 5
120, 5
120, 5
120, 5
120, 49
120, 48
120, 46
120, 45
120, 45
120, 45
120, 42
120, 41
120, 41
120, 4
120, 4
120, 38
120, 38
120, 36
120, 35
120, 34
120, 33
120, 33
120, 31
120, 31
120, 30
120, 3
120, 29
120, 28
120, 27
120, 26
120, 26
120, 26
120, 26
120, 24
120, 23
120, 23
120, 22
120, 21
120, 20
120, 20
120, 2
120, 2
120, 19
120, 18
120, 18
120, 18
120, 17
120, 17
120, 15
120, 14
120, 14
120, 13
120, 10
120, 1
120, 1
120, 1
12, 7
12, 7
12, 6
12, 6
12, 6
12, 57
12, 51
12, 50
12, 44
12, 44
12, 34
12, 32
12, 32
12, 31
12, 30
12, 29
12, 28
12, 27
12, 26
12, 25
12, 24
12, 23
12, 23
12, 22
12, 21
12, 2
12, 2
12, 19
12, 18
12, 18
12, 18
12, 17
12, 17
12, 16
12, 15
12, 14
12, 1
119, 8
119, 7
119, 7
119, 7
119, 7
119, 7
119, 7
119, 6
119, 6
119, 6
119, 57
119, 56
119, 56
119, 53
119, 5
119, 44
119, 43
119, 40
119, 40
119, 4
119, 4
119, 39
119, 37
119, 34
119, 33
119, 33
119, 32
119, 31
119, 30
119, 30
119, 3
119, 29
119, 29
119, 29
119, 28
119, 28
119, 27
119, 26
119, 26
119, 26
119, 25
119, 24
119, 24
119, 24
119, 24
119, 23
119, 23
119, 23
119, 22
119, 21
119, 21
119, 21
119, 20
119, 2
119, 2
119, 19
119, 19
119, 19
119, 19
119, 17
119, 17
119, 15
119, 14
119, 10
119, 10
119, 1
119, 1
118, 8
118, 8
118, 7
118, 7
118, 7
118, 7
118, 6
118, 6
118, 6
118, 6
118, 56
118, 54
118, 53
118, 5
118, 5
118, 47
118, 47
118, 47
118, 4
118, 4
118, 4
118, 4
118, 4
118, 39
118, 39
118, 39
118, 39
118, 36
118, 33
118, 31
118, 31
118, 3
118, 3
118, 28
118, 26
118, 26
118, 25
118, 25
118, 24
118, 24
118, 23
118, 23
118, 23
118, 23
118, 22
118, 22
118, 22
118, 22
118, 22
118, 21
118, 21
118, 21
118, 21
118, 21
118, 21
118, 20
118, 20
118, 2
118, 2
118, 2
118, 2
118, 2
118, 2
118, 2
118, 2
118, 19
118, 19
118, 19
118, 19
118, 19
118, 19
118, 18
118, 18
118, 18
118, 14
118, 14
118, 10
118, 10
118, 10
118, 1
117, 8
117, 7
117, 7
117, 7
117, 7
117, 6
117, 57
117, 56
117, 55
117, 50
117, 5
117, 5
117, 5
117, 4
117, 4
117, 4
117, 39
117, 36
117, 32
117, 32
117, 30
117, 30
117, 3
117, 3
117, 3
117, 28
117, 28
117, 26
117, 26
117, 24
117, 23
117, 23
117, 21
117, 21
117, 2
117, 2
117, 19
117, 19
117, 19
117, 18
117, 14
117, 10
117, 10
117, 1
117, 1
117, 1
116, 8
116, 8
116, 7
116, 7
116, 7
116, 6
116, 6
116, 6
116, 57
116, 57
116, 53
116, 51
116, 5
116, 5
116, 5
116, 5
116, 5
116, 5
116, 48
116, 45
116, 43
116, 42
116, 42
116, 41
116, 4
116, 4
116, 4
116, 39
116, 38
116, 38
116, 37
116, 35
116, 33
116, 33
116, 32
116, 31
116, 30
116, 30
116, 3
116, 3
116, 29
116, 29
116, 28
116, 28
116, 27
116, 27
116, 26
116, 26
116, 26
116, 25
116, 25
116, 25
116, 24
116, 24
116, 24
116, 24
116, 24
116, 23
116, 23
116, 22
116, 22
116, 21
116, 21
116, 21
116, 20
116, 20
116, 20
116, 20
116, 2
116, 19
116, 19
116, 18
116, 18
116, 18
116, 17
116, 17
116, 16
116, 16
116, 15
116, 13
116, 11
116, 11
116, 11
116, 11
116, 10
116, 1
116, 1
116, 1
115, 8
115, 8
115, 7
115, 6
115, 6
115, 6
115, 57
115, 54
115, 51
115, 50
115, 5
115, 5
115, 5
115, 47
115, 47
115, 46
115, 38
115, 37
115, 31
115, 31
115, 31
115, 31
115, 30
115, 3
115, 29
115, 28
115, 28
115, 27
115, 27
115, 27
115, 26
115, 25
115, 25
115, 25
115, 24
115, 23
115, 23
115, 23
115, 22
115, 22
115, 22
115, 22
115, 21
115, 21
115, 21
115, 20
115, 20
115, 19
115, 19
115, 19
115, 19
115, 18
115, 18
115, 17
115, 15
115, 14
115, 11
115, 1
115, 1
114, 8
114, 8
114, 8
114, 7
114, 7
114, 6
114, 6
114, 6
114, 57
114, 57
114, 56
114, 55
114, 55
114, 53
114, 53
114, 53
114, 52
114, 50
114, 5
114, 5
114, 49
114, 46
114, 43
114, 43
114, 41
114, 39
114, 37
114, 37
114, 34
114, 34
114, 33
114, 32
114, 32
114, 32
114, 31
114, 31
114, 31
114, 31
114, 3
114, 3
114, 3
114, 29
114, 29
114, 29
114, 27
114, 26
114, 25
114, 24
114, 24
114, 24
114, 23
114, 23
114, 21
114, 19
114, 19
114, 18
114, 18
114, 18
114, 17
114, 17
114, 15
114, 14
114, 11
114, 10
114, 1
113, 9
113, 9
113, 8
113, 7
113, 7
113, 7
113, 6
113, 6
113, 52
113, 51
113, 5
113, 5
113, 47
113, 47
113, 46
113, 42
113, 40
113, 4
113, 39
113, 39
113, 37
113, 35
113, 34
113, 32
113, 31
113, 31
113, 30
113, 30
113, 30
113, 29
113, 28
113, 27
113, 27
113, 26
113, 24
113, 24
113, 23
113, 23
113, 22
113, 22
113, 22
113, 21
113, 20
113, 20
113, 20
113, 2
113, 2
113, 19
113, 19
113, 19
113, 19
113, 19
113, 19
113, 18
113, 18
113, 18
113, 16
113, 16
113, 15
113, 12
113, 10
113, 1
113, 1
113, 1
113, 1
112, 9
112, 9
112, 8
112, 8
112, 8
112, 7
112, 7
112, 7
112, 6
112, 6
112, 53
112, 51
112, 51
112, 5
112, 5
112, 5
112, 5
112, 49
112, 49
112, 47
112, 44
112, 4
112, 4
112, 4
112, 36
112, 36
112, 34
112, 33
112, 32
112, 32
112, 31
112, 31
112, 30
112, 3
112, 29
112, 29
112, 27
112, 27
112, 23
112, 22
112, 21
112, 21
112, 21
112, 21
112, 20
112, 2
112, 2
112, 2
112, 2
112, 19
112, 19
112, 18
112, 18
112, 18
112, 17
112, 15
112, 12
112, 12
112, 1
111, 9
111, 7
111, 7
111, 6
111, 6
111, 6
111, 56
111, 56
111, 53
111, 52
111, 51
111, 51
111, 51
111, 5
111, 5
111, 48
111, 46
111, 40
111, 4
111, 4
111, 4
111, 4
111, 4
111, 38
111, 33
111, 32
111, 32
111, 31
111, 30
111, 30
111, 3
111, 3
111, 3
111, 29
111, 27
111, 25
111, 24
111, 23
111, 23
111, 23
111, 22
111, 22
111, 22
111, 22
111, 22
111, 20
111, 20
111, 20
111, 2
111, 2
111, 2
111, 19
111, 19
111, 19
111, 19
111, 18
111, 18
111, 18
111, 18
111, 16
111, 14
111, 11
111, 11
111, 10
111, 1
111, 1
110, 9
110, 8
110, 8
110, 8
110, 7
110, 6
110, 6
110, 6
110, 56
110, 56
110, 52
110, 51
110, 50
110, 5
110, 49
110, 45
110, 4
110, 4
110, 39
110, 35
110, 31
110, 30
110, 3
110, 3
110, 3
110, 29
110, 28
110, 27
110, 27
110, 27
110, 26
110, 25
110, 24
110, 24
110, 24
110, 24
110, 23
110, 23
110, 23
110, 22
110, 21
110, 20
110, 2
110, 2
110, 2
110, 19
110, 19
110, 19
110, 19
110, 18
110, 17
110, 17
110, 17
110, 17
110, 17
110, 16
110, 12
110, 1
110, 1
110, 1
11, 7
11, 7
11, 7
11, 7
11, 7
11, 6
11, 56
11, 55
11, 53
11, 50
11, 5
11, 5
11, 49
11, 42
11, 41
11, 40
11, 35
11, 34
11, 34
11, 32
11, 31
11, 31
11, 3
11, 3
11, 3
11, 3
11, 29
11, 27
11, 27
11, 27
11, 27
11, 26
11, 26
11, 24
11, 23
11, 23
11, 23
11, 23
11, 22
11, 21
11, 20
11, 18
11, 18
11, 17
11, 16
109, 8
109, 8
109, 8
109, 7
109, 7
109, 6
109, 6
109, 6
109, 57
109, 57
109, 55
109, 51
109, 5
109, 49
109, 46
109, 45
109, 44
109, 41
109, 40
109, 40
109, 39
109, 39
109, 38
109, 37
109, 35
109, 35
109, 34
109, 34
109, 32
109, 3
109, 3
109, 29
109, 29
109, 28
109, 28
109, 27
109, 27
109, 26
109, 26
109, 25
109, 25
109, 25
109, 23
109, 23
109, 22
109, 21
109, 21
109, 20
109, 20
109, 2
109, 2
109, 2
109, 19
109, 19
109, 19
109, 18
109, 17
109, 17
109, 17
109, 16
109, 16
109, 14
109, 14
109, 13
109, 13
109, 10
108, 9
108, 9
108, 8
108, 7
108, 6
108, 57
108, 56
108, 56
108, 53
108, 53
108, 51
108, 51
108, 50
108, 5
108, 5
108, 5
108, 48
108, 48
108, 46
108, 44
108, 44
108, 43
108, 42
108, 4
108, 4
108, 4
108, 4
108, 39
108, 37
108, 37
108, 37
108, 33
108, 32
108, 31
108, 31
108, 31
108, 30
108, 3
108, 3
108, 3
108, 29
108, 27
108, 26
108, 26
108, 25
108, 25
108, 25
108, 25
108, 24
108, 24
108, 24
108, 24
108, 24
108, 23
108, 23
108, 22
108, 22
108, 21
108, 21
108, 20
108, 19
108, 17
108, 17
108, 17
108, 16
108, 14
108, 13
108, 13
108, 12
108, 12
108, 12
108, 10
108, 1
108, 1
108, 1
107, 9
107, 9
107, 7
107, 7
107, 6
107, 6
107, 56
107, 55
107, 51
107, 51
107, 51
107, 50
107, 5
107, 5
107, 5
107, 5
107, 48
107, 45
107, 45
107, 40
107, 4
107, 4
107, 4
107, 4
107, 39
107, 39
107, 39
107, 36
107, 35
107, 35
107, 31
107, 3
107, 29
107, 29
107, 29
107, 28
107, 28
107, 28
107, 27
107, 27
107, 26
107, 25
107, 25
107, 24
107, 23
107, 23
107, 23
107, 22
107, 22
107, 22
107, 21
107, 20
107, 2
107, 19
107, 19
107, 19
107, 19
107, 18
107, 18
107, 16
107, 15
107, 14
107, 11
107, 1
106, 8
106, 8
106, 8
106, 8
106, 8
106, 8
106, 7
106, 7
106, 7
106, 6
106, 6
106, 6
106, 56
106, 54
106, 51
106, 50
106, 5
106, 5
106, 5
106, 5
106, 5
106, 5
106, 5
106, 5
106, 5
106, 5
106, 48
106, 42
106, 4
106, 4
106, 4
106, 4
106, 39
106, 39
106, 34
106, 33
106, 32
106, 32
106, 32
106, 32
106, 30
106, 30
106, 3
106, 3
106, 29
106, 29
106, 27
106, 27
106, 26
106, 26
106, 26
106, 25
106, 25
106, 24
106, 24
106, 24
106, 23
106, 23
106, 23
106, 22
106, 22
106, 22
106, 22
106, 22
106, 20
106, 20
106, 20
106, 2
106, 19
106, 19
106, 19
106, 19
106, 19
106, 18
106, 18
106, 17
106, 17
106, 15
106, 15
106, 11
106, 11
106, 10
106, 1
106, 1
106, 1
106, 1
106, 1
106, 1
105, 9
105, 9
105, 8
105, 8
105, 8
105, 8
105, 7
105, 7
105, 7
105, 7
105, 6
105, 6
105, 57
105, 56
105, 55
105, 53
105, 52
105, 5
105, 5
105, 5
105, 5
105, 5
105, 5
105, 49
105, 47
105, 46
105, 43
105, 4
105, 33
105, 32
105, 32
105, 31
105, 3
105, 3
105, 3
105, 3
105, 26
105, 25
105, 24
105, 23
105, 23
105, 23
105, 23
105, 22
105, 22
105, 21
105, 21
105, 21
105, 20
105, 20
105, 20
105, 20
105, 2
105, 2
105, 2
105, 2
105, 19
105, 19
105, 18
105, 18
105, 18
105, 18
105, 18
105, 18
105, 17
105, 17
105, 15
105, 11
105, 10
105, 1
104, 9
104, 8
104, 8
104, 8
104, 8
104, 8
104, 7
104, 7
104, 7
104, 6
104, 6
104, 6
104, 6
104, 55
104, 53
104, 5
104, 5
104, 5
104, 5
104, 5
104, 5
104, 5
104, 49
104, 48
104, 46
104, 45
104, 45
104, 43
104, 40
104, 40
104, 4
104, 4
104, 37
104, 34
104, 31
104, 31
104, 30
104, 3
104, 3
104, 3
104, 3
104, 3
104, 29
104, 29
104, 26
104, 26
104, 25
104, 24
104, 24
104, 23
104, 23
104, 22
104, 21
104, 21
104, 21
104, 20
104, 20
104, 2
104, 2
104, 19
104, 19
104, 19
104, 18
104, 18
104, 18
104, 17
104, 16
104, 14
104, 13
104, 13
104, 10
103, 8
103, 8
103, 8
103, 7
103, 7
103, 6
103, 57
103, 56
103, 55
103, 53
103, 53
103, 53
103, 53
103, 51
103, 5
103, 5
103, 5
103, 48
103, 44
103, 44
103, 43
103, 42
103, 40
103, 4
103, 4
103, 39
103, 35
103, 33
103, 32
103, 31
103, 31
103, 30
103, 3
103, 3
103, 3
103, 29
103, 29
103, 28
103, 25
103, 25
103, 25
103, 24
103, 24
103, 23
103, 23
103, 23
103, 23
103, 22
103, 22
103, 21
103, 20
103, 20
103, 2
103, 2
103, 19
103, 18
103, 17
103, 17
103, 16
103, 15
103, 15
103, 13
103, 10
103, 1
102, 9
102, 9
102, 8
102, 8
102, 7
102, 6
102, 6
102, 6
102, 6
102, 6
102, 54
102, 53
102, 53
102, 51
102, 50
102, 5
102, 47
102, 46
102, 44
102, 4
102, 35
102, 33
102, 33
102, 32
102, 32
102, 32
102, 31
102, 31
102, 30
102, 30
102, 30
102, 3
102, 28
102, 27
102, 27
102, 24
102, 23
102, 23
102, 23
102, 23
102, 23
102, 23
102, 23
102, 22
102, 22
102, 21
102, 21
102, 20
102, 20
102, 20
102, 20
102, 2
102, 18
102, 17
102, 15
102, 14
102, 11
102, 11
102, 10
102, 1
101, 9
101, 8
101, 8
101, 7
101, 7
101, 6
101, 56
101, 54
101, 50
101, 5
101, 5
101, 49
101, 48
101, 42
101, 40
101, 4
101, 39
101, 39
101, 37
101, 35
101, 35
101, 34
101, 33
101, 33
101, 33
101, 32
101, 31
101, 31
101, 31
101, 3
101, 3
101, 3
101, 3
101, 28
101, 28
101, 28
101, 26
101, 25
101, 23
101, 23
101, 23
101, 23
101, 20
101, 2
101, 2
101, 2
101, 19
101, 19
101, 18
101, 18
101, 18
101, 18
101, 18
101, 17
101, 15
101, 15
101, 14
101, 13
101, 10
101, 10
101, 1
101, 1
101, 1
100, 9
100, 8
100, 8
100, 8
100, 8
100, 7
100, 7
100, 7
100, 7
100, 57
100, 57
100, 56
100, 52
100, 51
100, 50
100, 50
100, 5
100, 5
100, 47
100, 45
100, 43
100, 43
100, 43
100, 41
100, 37
100, 34
100, 33
100, 33
100, 32
100, 32
100, 32
100, 32
100, 30
100, 3
100, 3
100, 3
100, 3
100, 3
100, 3
100, 27
100, 25
100, 25
100, 25
100, 24
100, 24
100, 24
100, 23
100, 22
100, 22
100, 22
100, 21
100, 21
100, 20
100, 20
100, 2
100, 18
100, 17
100, 17
100, 17
100, 17
100, 17
100, 16
100, 16
100, 15
100, 14
100, 13
100, 12
100, 11
100, 10
100, 1
100, 1
10, 9
10, 8
10, 8
10, 8
10, 7
10, 6
10, 57
10, 56
10, 54
10, 5
10, 49
10, 49
10, 48
10, 48
10, 45
10, 40
10, 33
10, 31
10, 31
10, 31
10, 3
10, 29
10, 26
10, 26
10, 26
10, 25
10, 25
10, 22
10, 21
10, 20
10, 2
10, 19
10, 19
10, 17
10, 16
10, 15
10, 14
10, 11
10, 11
10, 11
10, 10
1, 8
1, 8
1, 7
1, 6
1, 6
1, 6
1, 6
1, 6
1, 6
1, 6
1, 6
1, 57
1, 57
1, 57
1, 57
1, 56
1, 51
1, 50
1, 50
1, 50
1, 5
1, 5
1, 49
1, 47
1, 43
1, 41
1, 40
1, 39
1, 37
1, 35
1, 35
1, 34
1, 33
1, 32
1, 31
1, 31
1, 30
1, 3
1, 3
1, 3
1, 3
1, 3
1, 3
1, 29
1, 29
1, 29
1, 28
1, 28
1, 27
1, 27
1, 26
1, 26
1, 24
1, 24
1, 24
1, 24
1, 24
1, 24
1, 23
1, 23
1, 23
1, 23
1, 23
1, 22
1, 22
1, 21
1, 21
1, 21
1, 20
1, 20
1, 20
1, 2
1, 2
1, 2
1, 2
1, 2
1, 2
1, 19
1, 19
1, 19
1, 19
1, 18
1, 18
1, 18
1, 18
1, 18
1, 17
1, 17
1, 17
1, 17
1, 17
1, 17
1, 17
1, 16
1, 16
1, 16
1, 16
1, 16
1, 15
1, 14
1, 13
1, 13
1, 11
1, 11