99, 7
99, 56
99, 54
99, 51
99, 5
99, 40
99, 38
99, 37
99, 31
99, 30
99, 30
99, 3
99, 28
99, 27
99, 25
99, 23
99, 22
99, 21
99, 2
99, 19
99, 18
98, 8
98, 8
98, 8
98, 7
98, 6
98, 55
98, 53
98, 52
98, 51
98, 5
98, 4
98, 38
98, 34
98, 3
98, 3
98, 28
98, 25
98, 24
98, 24
98, 23
98, 21
98, 20
98, 20
98, 2
98, 2
98, 19
98, 13
98, 12
98, 10
97, 6
97, 6
97, 52
97, 5
97, 5
97, 48
97, 47
97, 43
97, 37
97, 28
97, 28
97, 26
97, 25
97, 25
97, 24
97, 23
97, 22
97, 20
97, 2
97, 19
97, 17
97, 17
97, 17
97, 14
97, 10
96, 8
96, 6
96, 49
96, 41
96, 40
96, 35
96, 34
96, 32
96, 30
96, 3
96, 29
96, 28
96, 27
96, 26
96, 25
96, 24
96, 21
96, 20
96, 19
96, 19
96, 19
96, 19
96, 18
96, 18
96, 17
96, 1
95, 8
95, 7
95, 5
95, 42
95, 40
95, 32
95, 3
95, 27
95, 25
95, 24
95, 23
95, 22
95, 22
95, 22
95, 20
95, 20
95, 2
95, 2
95, 17
95, 16
95, 12
95, 10
95, 1
95, 1
95, 1
94, 8
94, 8
94, 7
94, 56
94, 54
94, 5
94, 5
94, 49
94, 49
94, 47
94, 46
94, 43
94, 39
94, 32
94, 29
94, 27
94, 26
94, 25
94, 21
94, 21
94, 20
94, 20
94, 2
94, 2
94, 19
94, 18
94, 16
94, 11
94, 1
93, 6
93, 6
93, 6
93, 44
93, 43
93, 42
93, 33
93, 32
93, 32
93, 3
93, 28
93, 28
93, 27
93, 26
93, 22
93, 22
93, 21
93, 21
93, 19
93, 19
93, 15
93, 15
93, 14
93, 13
92, 7
92, 53
92, 5
92, 47
92, 46
92, 4
92, 37
92, 30
92, 3
92, 3
92, 29
92, 27
92, 27
92, 26
92, 25
92, 23
92, 22
92, 22
92, 20
92, 19
92, 19
92, 18
92, 15
92, 1
92, 1
91, 7
91, 7
91, 6
91, 57
91, 51
91, 42
91, 42
91, 4
91, 4
91, 37
91, 35
91, 30
91, 3
91, 3
91, 3
91, 23
91, 23
91, 22
91, 21
91, 21
91, 2
91, 2
91, 19
91, 18
91, 18
91, 11
91, 10
90, 8
90, 7
90, 6
90, 6
90, 57
90, 5
90, 5
90, 45
90, 37
90, 3
90, 3
90, 27
90, 26
90, 25
90, 24
90, 24
90, 23
90, 23
90, 23
90, 22
90, 22
90, 22
90, 20
90, 20
90, 20
90, 20
90, 19
90, 19
90, 19
90, 17
90, 12
90, 11
90, 1
9, 8
9, 8
9, 6
9, 54
9, 5
9, 5
9, 44
9, 32
9, 3
9, 28
9, 27
9, 27
9, 26
9, 25
9, 20
9, 19
9, 18
9, 15
9, 12
9, 1
89, 6
89, 55
89, 54
89, 5
89, 5
89, 46
89, 4
89, 32
89, 32
89, 32
89, 27
89, 26
89, 24
89, 24
89, 24
89, 21
89, 21
89, 19
89, 18
89, 17
89, 17
89, 16
89, 15
89, 13
89, 1
88, 6
88, 5
88, 49
88, 48
88, 47
88, 45
88, 41
88, 4
88, 35
88, 33
88, 3
88, 3
88, 3
88, 3
88, 25
88, 25
88, 23
88, 21
88, 21
88, 21
88, 20
88, 2
88, 2
88, 19
88, 19
88, 18
88, 17
88, 16
88, 15
88, 11
88, 1
88, 1
87, 9
87, 8
87, 8
87, 8
87, 7
87, 7
87, 6
87, 6
87, 51
87, 50
87, 5
87, 48
87, 43
87, 39
87, 38
87, 30
87, 3
87, 3
87, 29
87, 29
87, 28
87, 23
87, 2
87, 19
87, 18
87, 18
87, 13
87, 12
87, 12
87, 1
86, 57
86, 56
86, 52
86, 5
86, 5
86, 5
86, 47
86, 41
86, 4
86, 37
86, 37
86, 32
86, 30
86, 3
86, 29
86, 29
86, 27
86, 26
86, 26
86, 24
86, 23
86, 23
86, 23
86, 21
86, 21
86, 21
86, 2
86, 18
86, 16
86, 15
86, 15
86, 11
86, 10
86, 1
85, 8
85, 6
85, 5
85, 5
85, 5
85, 5
85, 43
85, 43
85, 30
85, 28
85, 28
85, 26
85, 23
85, 22
85, 21
85, 21
85, 2
85, 19
85, 19
85, 18
85, 17
85, 17
85, 16
85, 12
84, 7
84, 7
84, 6
84, 6
84, 57
84, 56
84, 53
84, 5
84, 47
84, 45
84, 42
84, 38
84, 32
84, 32
84, 30
84, 3
84, 29
84, 29
84, 25
84, 20
84, 20
84, 2
84, 2
84, 2
84, 2
84, 19
84, 19
84, 17
84, 14
84, 14
84, 10
84, 10
84, 1
83, 8
83, 7
83, 7
83, 57
83, 46
83, 44
83, 42
83, 41
83, 37
83, 32
83, 31
83, 28
83, 25
83, 23
83, 20
83, 2
83, 2
83, 13
83, 1
82, 7
82, 7
82, 6
82, 6
82, 53
82, 52
82, 51
82, 51
82, 5
82, 5
82, 48
82, 37
82, 36
82, 33
82, 32
82, 31
82, 31
82, 30
82, 29
82, 25
82, 25
82, 23
82, 23
82, 22
82, 20
82, 2
82, 19
82, 17
82, 14
82, 12
82, 11
82, 10
82, 10
82, 10
82, 1
82, 1
82, 1
81, 9
81, 8
81, 8
81, 6
81, 6
81, 57
81, 50
81, 5
81, 44
81, 31
81, 30
81, 30
81, 29
81, 27
81, 26
81, 25
81, 23
81, 21
81, 20
81, 20
81, 19
81, 19
81, 19
81, 19
81, 19
81, 18
81, 18
80, 8
80, 8
80, 8
80, 7
80, 6
80, 6
80, 57
80, 57
80, 56
80, 5
80, 5
80, 46
80, 45
80, 40
80, 34
80, 33
80, 31
80, 31
80, 30
80, 30
80, 29
80, 26
80, 26
80, 23
80, 22
80, 21
80, 21
80, 20
80, 19
80, 18
80, 18
80, 17
80, 17
80, 17
80, 14
80, 1
80, 1
8, 9
8, 9
8, 8
8, 8
8, 5
8, 46
8, 41
8, 41
8, 33
8, 31
8, 31
8, 3
8, 26
8, 23
8, 22
8, 22
8, 22
8, 17
8, 16
8, 10
8, 10
8, 10
8, 1
8, 1
79, 8
79, 50
79, 47
79, 4
79, 4
79, 37
79, 36
79, 32
79, 30
79, 3
79, 25
79, 24
79, 23
79, 22
79, 21
79, 2
79, 12
79, 1
79, 1
78, 8
78, 8
78, 7
78, 56
78, 52
78, 4
78, 4
78, 4
78, 32
78, 32
78, 30
78, 29
78, 27
78, 25
78, 23
78, 23
78, 21
78, 20
78, 20
78, 20
78, 2
78, 19
78, 19
78, 19
78, 17
78, 15
77, 8
77, 8
77, 8
77, 7
77, 7
77, 6
77, 57
77, 57
77, 56
77, 55
77, 52
77, 41
77, 4
77, 35
77, 32
77, 3
77, 3
77, 3
77, 3
77, 29
77, 27
77, 27
77, 25
77, 24
77, 22
77, 21
77, 2
77, 19
77, 18
77, 17
77, 13
77, 10
76, 8
76, 8
76, 8
76, 8
76, 7
76, 7
76, 6
76, 53
76, 51
76, 50
76, 5
76, 5
76, 44
76, 43
76, 41
76, 4
76, 32
76, 3
76, 3
76, 28
76, 27
76, 24
76, 23
76, 21
76, 21
76, 21
76, 21
76, 2
76, 19
75, 7
75, 6
75, 56
75, 5
75, 5
75, 49
75, 49
75, 33
75, 3
75, 3
75, 3
75, 28
75, 27
75, 25
75, 25
75, 25
75, 23
75, 23
75, 23
75, 22
75, 21
75, 21
75, 2
75, 19
75, 18
75, 12
75, 10
75, 10
75, 1
74, 8
74, 8
74, 7
74, 6
74, 6
74, 56
74, 52
74, 49
74, 42
74, 37
74, 37
74, 35
74, 33
74, 31
74, 30
74, 3
74, 3
74, 29
74, 26
74, 25
74, 24
74, 23
74, 22
74, 22
74, 2
74, 19
74, 18
74, 17
74, 17
74, 13
74, 1
73, 8
73, 6
73, 57
73, 55
73, 53
73, 5
73, 44
73, 39
73, 30
73, 3
73, 3
73, 3
73, 28
73, 27
73, 26
73, 24
73, 23
73, 21
73, 21
73, 20
73, 2
73, 19
73, 18
73, 17
73, 17
73, 17
73, 12
72, 9
72, 7
72, 6
72, 55
72, 48
72, 48
72, 47
72, 44
72, 44
72, 44
72, 42
72, 42
72, 41
72, 4
72, 37
72, 35
72, 32
72, 32
72, 31
72, 3
72, 3
72, 29
72, 29
72, 27
72, 26
72, 24
72, 23
72, 20
72, 2
72, 2
72, 19
72, 18
72, 18
72, 18
72, 17
72, 16
72, 16
72, 13
72, 12
72, 10
71, 9
71, 8
71, 8
71, 6
71, 6
71, 6
71, 53
71, 51
71, 5
71, 5
71, 49
71, 4
71, 37
71, 36
71, 31
71, 29
71, 28
71, 24
71, 24
71, 23
71, 23
71, 21
71, 21
71, 20
71, 20
71, 20
71, 2
70, 8
70, 6
70, 6
70, 57
70, 54
70, 50
70, 50
70, 41
70, 4
70, 4
70, 4
70, 39
70, 32
70, 30
70, 28
70, 25
70, 24
70, 23
70, 23
70, 21
70, 21
70, 20
70, 20
70, 19
70, 17
70, 16
70, 10
70, 10
7, 8
7, 7
7, 7
7, 7
7, 57
7, 57
7, 52
7, 5
7, 48
7, 46
7, 41
7, 40
7, 36
7, 31
7, 30
7, 30
7, 3
7, 28
7, 28
7, 28
7, 26
7, 26
7, 26
7, 25
7, 24
7, 23
7, 22
7, 21
7, 2
7, 17
7, 13
7, 10
7, 1
7, 1
69, 8
69, 6
69, 6
69, 57
69, 4
69, 39
69, 36
69, 31
69, 30
69, 28
69, 28
69, 27
69, 26
69, 25
69, 24
69, 23
69, 23
69, 22
69, 21
69, 20
69, 2
69, 19
69, 19
69, 18
69, 18
69, 17
69, 17
69, 17
69, 15
69, 1
69, 1
68, 8
68, 7
68, 7
68, 6
68, 57
68, 53
68, 5
68, 47
68, 44
68, 41
68, 35
68, 35
68, 34
68, 32
68, 31
68, 30
68, 3
68, 3
68, 28
68, 28
68, 27
68, 27
68, 27
68, 26
68, 24
68, 24
68, 21
68, 21
68, 20
68, 20
68, 20
68, 2
68, 19
68, 19
68, 17
68, 17
68, 17
68, 14
68, 13
68, 11
67, 9
67, 8
67, 8
67, 7
67, 6
67, 51
67, 48
67, 47
67, 45
67, 32
67, 31
67, 31
67, 3
67, 3
67, 28
67, 28
67, 26
67, 24
67, 21
67, 21
67, 21
67, 21
67, 21
67, 19
67, 13
66, 8
66, 6
66, 54
66, 53
66, 51
66, 51
66, 5
66, 5
66, 5
66, 48
66, 45
66, 4
66, 37
66, 34
66, 32
66, 32
66, 30
66, 3
66, 3
66, 25
66, 24
66, 24
66, 23
66, 23
66, 22
66, 21
66, 20
66, 19
66, 17
66, 17
66, 17
66, 11
66, 11
66, 11
66, 10
65, 7
65, 7
65, 7
65, 55
65, 54
65, 53
65, 53
65, 50
65, 5
65, 5
65, 42
65, 32
65, 32
65, 32
65, 3
65, 28
65, 28
65, 25
65, 24
65, 23
65, 20
65, 20
65, 18
65, 18
65, 18
65, 17
65, 15
65, 13
65, 10
64, 9
64, 9
64, 55
64, 53
64, 44
64, 44
64, 42
64, 40
64, 4
64, 4
64, 34
64, 32
64, 32
64, 31
64, 28
64, 27
64, 26
64, 25
64, 25
64, 24
64, 23
64, 21
64, 20
64, 20
64, 20
64, 2
64, 2
64, 19
64, 18
64, 17
64, 15
63, 9
63, 8
63, 7
63, 51
63, 5
63, 5
63, 4
63, 4
63, 32
63, 31
63, 31
63, 3
63, 29
63, 26
63, 23
63, 23
63, 22
63, 21
63, 20
63, 17
63, 15
63, 15
63, 15
63, 11
62, 8
62, 7
62, 54
62, 53
62, 51
62, 50
62, 5
62, 5
62, 5
62, 45
62, 39
62, 39
62, 37
62, 32
62, 3
62, 29
62, 29
62, 28
62, 27
62, 24
62, 24
62, 23
62, 22
62, 20
62, 2
62, 2
62, 2
62, 18
62, 18
62, 17
62, 16
61, 6
61, 51
61, 5
61, 4
61, 36
61, 3
61, 26
61, 25
61, 23
61, 22
61, 21
61, 21
61, 2
61, 19
61, 18
61, 14
61, 13
61, 12
60, 53
60, 50
60, 50
60, 5
60, 34
60, 31
60, 29
60, 29
60, 27
60, 26
60, 25
60, 24
60, 24
60, 23
60, 20
60, 2
60, 2
60, 2
60, 19
60, 18
60, 18
60, 14
6, 9
6, 9
6, 8
6, 8
6, 8
6, 7
6, 7
6, 6
6, 54
6, 53
6, 5
6, 46
6, 42
6, 42
6, 41
6, 4
6, 32
6, 32
6, 3
6, 28
6, 27
6, 26
6, 26
6, 26
6, 24
6, 23
6, 23
6, 23
6, 22
6, 21
6, 21
6, 20
6, 20
6, 2
6, 19
6, 18
6, 17
6, 16
6, 13
6, 13
6, 12
6, 1
59, 7
59, 7
59, 6
59, 6
59, 57
59, 53
59, 50
59, 50
59, 5
59, 38
59, 37
59, 32
59, 30
59, 26
59, 25
59, 23
59, 20
59, 18
59, 18
59, 18
59, 16
59, 15
59, 1
59, 1
58, 7
58, 7
58, 6
58, 6
58, 5
58, 47
58, 44
58, 41
58, 32
58, 32
58, 32
58, 3
58, 3
58, 28
58, 24
58, 24
58, 24
58, 23
58, 22
58, 21
58, 21
58, 21
58, 20
58, 19
58, 18
58, 18
58, 16
58, 14
58, 13
57, 8
57, 6
57, 6
57, 6
57, 53
57, 51
57, 49
57, 45
57, 4
57, 4
57, 34
57, 31
57, 30
57, 28
57, 27
57, 25
57, 25
57, 24
57, 24
57, 22
57, 22
57, 21
57, 21
57, 21
57, 2
57, 2
57, 2
57, 18
57, 18
57, 17
57, 17
57, 17
57, 17
57, 17
57, 15
57, 13
57, 11
57, 1
56, 8
56, 7
56, 7
56, 57
56, 56
56, 55
56, 50
56, 5
56, 42
56, 36
56, 32
56, 30
56, 29
56, 28
56, 28
56, 26
56, 26
56, 24
56, 24
56, 23
56, 23
56, 22
56, 22
56, 21
56, 21
56, 20
56, 2
56, 19
56, 19
56, 18
56, 17
56, 17
56, 17
56, 17
56, 15
56, 11
56, 11
56, 1
55, 7
55, 7
55, 7
55, 7
55, 57
55, 52
55, 50
55, 5
55, 49
55, 49
55, 43
55, 41
55, 41
55, 37
55, 37
55, 36
55, 36
55, 31
55, 31
55, 30
55, 27
55, 27
55, 27
55, 23
55, 23
55, 22
55, 17
55, 17
55, 17
55, 16
55, 15
54, 7
54, 7
54, 7
54, 6
54, 57
54, 57
54, 52
54, 46
54, 41
54, 39
54, 34
54, 33
54, 32
54, 30
54, 29
54, 29
54, 27
54, 24
54, 23
54, 23
54, 23
54, 21
54, 19
54, 18
54, 11
54, 1
53, 9
53, 8
53, 8
53, 8
53, 7
53, 7
53, 7
53, 7
53, 7
53, 57
53, 53
53, 52
53, 51
53, 5
53, 46
53, 42
53, 4
53, 38
53, 33
53, 32
53, 31
53, 27
53, 24
53, 23
53, 23
53, 22
53, 20
53, 2
53, 17
53, 17
53, 11
53, 10
53, 10
53, 10
52, 8
52, 8
52, 7
52, 7
52, 7
52, 54
52, 54
52, 5
52, 5
52, 45
52, 40
52, 4
52, 34
52, 33
52, 32
52, 31
52, 31
52, 30
52, 28
52, 27
52, 27
52, 26
52, 26
52, 25
52, 25
52, 23
52, 23
52, 22
52, 21
52, 20
52, 20
52, 2
52, 19
52, 17
52, 12
51, 8
51, 54
51, 54
51, 53
51, 5
51, 5
51, 41
51, 3
51, 3
51, 3
51, 3
51, 24
51, 24
51, 23
51, 23
51, 21
51, 21
51, 2
51, 2
51, 17
51, 11
50, 7
50, 7
50, 6
50, 57
50, 57
50, 53
50, 49
50, 48
50, 4
50, 4
50, 4
50, 4
50, 39
50, 38
50, 34
50, 3
50, 29
50, 28
50, 26
50, 26
50, 26
50, 25
50, 25
50, 23
50, 23
50, 21
50, 21
50, 21
50, 20
50, 20
50, 2
50, 2
50, 17
50, 13
50, 1
5, 8
5, 8
5, 8
5, 8
5, 7
5, 6
5, 6
5, 5
5, 5
5, 47
5, 45
5, 43
5, 4
5, 4
5, 38
5, 30
5, 30
5, 30
5, 3
5, 28
5, 28
5, 27
5, 27
5, 26
5, 24
5, 24
5, 21
5, 2
5, 19
5, 19
5, 18
5, 16
5, 14
5, 11
5, 10
5, 1
49, 8
49, 8
49, 7
49, 6
49, 47
49, 42
49, 4
49, 4
49, 4
49, 33
49, 32
49, 30
49, 30
49, 3
49, 29
49, 29
49, 28
49, 28
49, 2
49, 18
49, 18
49, 14
49, 13
49, 11
49, 10
48, 9
48, 7
48, 6
48, 6
48, 6
48, 53
48, 50
48, 5
48, 46
48, 4
48, 4
48, 36
48, 36
48, 33
48, 32
48, 31
48, 3
48, 3
48, 3
48, 29
48, 28
48, 28
48, 28
48, 25
48, 23
48, 23
48, 22
48, 22
48, 21
48, 2
48, 19
48, 19
48, 18
48, 18
48, 18
48, 17
47, 7
47, 7
47, 6
47, 6
47, 6
47, 57
47, 51
47, 47
47, 46
47, 44
47, 40
47, 4
47, 37
47, 29
47, 27
47, 25
47, 24
47, 24
47, 22
47, 22
47, 22
47, 22
47, 21
47, 20
47, 2
47, 17
47, 17
47, 17
47, 17
47, 16
47, 15
47, 12
46, 8
46, 7
46, 6
46, 56
46, 53
46, 51
46, 51
46, 50
46, 5
46, 5
46, 45
46, 42
46, 42
46, 40
46, 4
46, 4
46, 37
46, 30
46, 29
46, 27
46, 27
46, 26
46, 24
46, 23
46, 22
46, 22
46, 2
46, 2
46, 19
46, 18
46, 17
46, 15
46, 11
46, 11
46, 1
46, 1
45, 55
45, 5
45, 4
45, 36
45, 33
45, 32
45, 3
45, 27
45, 25
45, 24
45, 23
45, 23
45, 22
45, 22
45, 21
45, 2
45, 19
45, 19
45, 11
44, 7
44, 7
44, 6
44, 6
44, 6
44, 57
44, 56
44, 55
44, 51
44, 51
44, 50
44, 5
44, 5
44, 47
44, 46
44, 45
44, 43
44, 42
44, 4
44, 4
44, 4
44, 39
44, 37
44, 34
44, 33
44, 31
44, 3
44, 29
44, 29
44, 27
44, 26
44, 26
44, 24
44, 24
44, 23
44, 23
44, 20
44, 2
44, 2
44, 17
44, 12
44, 11
44, 10
44, 1
43, 8
43, 8
43, 8
43, 7
43, 7
43, 7
43, 6
43, 6
43, 55
43, 50
43, 5
43, 48
43, 46
43, 4
43, 4
43, 4
43, 34
43, 32
43, 31
43, 30
43, 3
43, 22
43, 22
43, 22
43, 19
43, 19
43, 18
43, 18
43, 17
43, 12
43, 1
43, 1
42, 9
42, 7
42, 6
42, 6
42, 56
42, 53
42, 52
42, 5
42, 49
42, 48
42, 45
42, 44
42, 43
42, 40
42, 4
42, 36
42, 32
42, 31
42, 3
42, 3
42, 3
42, 27
42, 25
42, 25
42, 24
42, 24
42, 23
42, 22
42, 20
42, 19
42, 19
42, 18
42, 17
42, 17
42, 17
42, 15
42, 13
42, 13
42, 1
41, 7
41, 7
41, 51
41, 50
41, 5
41, 5
41, 4
41, 36
41, 35
41, 34
41, 31
41, 30
41, 29
41, 29
41, 27
41, 21
41, 21
41, 20
41, 2
41, 2
41, 19
41, 19
41, 17
41, 15
41, 14
41, 13
41, 1
40, 8
40, 8
40, 7
40, 7
40, 6
40, 57
40, 52
40, 52
40, 50
40, 5
40, 5
40, 49
40, 45
40, 40
40, 4
40, 4
40, 35
40, 29
40, 28
40, 26
40, 24
40, 24
40, 24
40, 23
40, 21
40, 21
40, 2
40, 18
40, 18
40, 17
40, 17
40, 15
40, 10
4, 9
4, 8
4, 8
4, 7
4, 52
4, 51
4, 50
4, 5
4, 5
4, 5
4, 5
4, 43
4, 42
4, 39
4, 38
4, 38
4, 36
4, 32
4, 31
4, 30
4, 3
4, 3
4, 29
4, 28
4, 28
4, 27
4, 27
4, 26
4, 26
4, 25
4, 25
4, 23
4, 23
4, 22
4, 21
4, 21
4, 20
4, 2
4, 2
4, 2
4, 18
4, 14
4, 13
4, 12
4, 1
4, 1
39, 6
39, 53
39, 5
39, 46
39, 46
39, 3
39, 25
39, 24
39, 22
39, 22
39, 2
39, 19
39, 19
39, 18
39, 17
39, 17
39, 17
39, 16
39, 12
39, 1
39, 1
38, 9
38, 8
38, 8
38, 8
38, 7
38, 55
38, 54
38, 53
38, 49
38, 47
38, 46
38, 45
38, 41
38, 40
38, 4
38, 39
38, 32
38, 31
38, 30
38, 28
38, 27
38, 26
38, 25
38, 24
38, 24
38, 24
38, 23
38, 22
38, 19
38, 19
38, 19
38, 18
38, 17
38, 14
38, 1
38, 1
38, 1
37, 7
37, 55
37, 54
37, 4
37, 3
37, 27
37, 27
37, 24
37, 23
37, 21
37, 20
37, 2
37, 19
37, 18
37, 17
37, 17
37, 17
37, 14
37, 11
36, 8
36, 8
36, 7
36, 6
36, 6
36, 6
36, 6
36, 55
36, 54
36, 50
36, 5
36, 5
36, 49
36, 39
36, 32
36, 32
36, 31
36, 3
36, 29
36, 28
36, 28
36, 28
36, 24
36, 2
36, 2
36, 2
36, 19
36, 17
36, 15
36, 14
36, 10
35, 8
35, 6
35, 56
35, 56
35, 5
35, 43
35, 32
35, 31
35, 31
35, 3
35, 29
35, 26
35, 23
35, 22
35, 22
35, 21
35, 20
35, 19
35, 19
35, 19
35, 18
35, 1
34, 8
34, 7
34, 7
34, 7
34, 6
34, 6
34, 6
34, 57
34, 53
34, 53
34, 5
34, 48
34, 48
34, 42
34, 41
34, 4
34, 3
34, 28
34, 28
34, 27
34, 26
34, 22
34, 21
34, 20
34, 2
34, 18
34, 18
34, 18
34, 12
34, 11
34, 1
34, 1
34, 1
33, 7
33, 5
33, 48
33, 44
33, 3
33, 3
33, 3
33, 27
33, 25
33, 24
33, 24
33, 23
33, 22
33, 21
33, 21
33, 20
33, 2
33, 19
33, 19
33, 18
33, 17
33, 13
32, 8
32, 8
32, 6
32, 53
32, 51
32, 46
32, 4
32, 4
32, 4
32, 4
32, 39
32, 31
32, 29
32, 28
32, 28
32, 28
32, 25
32, 24
32, 23
32, 23
32, 23
32, 22
32, 21
32, 21
32, 21
32, 20
32, 2
32, 18
32, 17
32, 13
32, 12
32, 1
31, 8
31, 7
31, 51
31, 5
31, 45
31, 4
31, 4
31, 4
31, 4
31, 37
31, 27
31, 26
31, 24
31, 23
31, 23
31, 21
31, 21
31, 19
31, 19
31, 17
31, 15
31, 14
31, 1
31, 1
30, 8
30, 8
30, 8
30, 7
30, 7
30, 6
30, 57
30, 57
30, 51
30, 50
30, 5
30, 48
30, 45
30, 42
30, 4
30, 4
30, 37
30, 31
30, 3
30, 29
30, 24
30, 23
30, 23
30, 21
30, 21
30, 21
30, 19
30, 13
3, 8
3, 8
3, 8
3, 6
3, 6
3, 6
3, 50
3, 5
3, 48
3, 48
3, 45
3, 36
3, 35
3, 32
3, 31
3, 30
3, 3
3, 29
3, 27
3, 25
3, 24
3, 23
3, 23
3, 22
3, 21
3, 21
3, 20
3, 2
3, 2
3, 2
3, 18
3, 18
3, 18
3, 18
3, 17
3, 17
3, 17
3, 11
29, 7
29, 6
29, 6
29, 50
29, 50
29, 5
29, 5
29, 48
29, 47
29, 45
29, 43
29, 32
29, 27
29, 27
29, 25
29, 23
29, 21
29, 19
29, 17
29, 11
28, 7
28, 7
28, 47
28, 41
28, 4
28, 37
28, 37
28, 32
28, 31
28, 30
28, 3
28, 26
28, 25
28, 23
28, 23
28, 21
28, 20
28, 20
28, 2
28, 2
28, 19
28, 19
28, 12
28, 10
28, 1
27, 8
27, 7
27, 5
27, 5
27, 45
27, 43
27, 42
27, 36
27, 28
27, 23
27, 22
27, 22
27, 21
27, 2
27, 19
27, 19
27, 18
26, 7
26, 57
26, 56
26, 54
26, 5
26, 5
26, 43
26, 4
26, 4
26, 35
26, 32
26, 29
26, 29
26, 26
26, 25
26, 24
26, 23
26, 21
26, 21
26, 21
26, 21
26, 20
26, 19
26, 19
26, 19
26, 18
26, 13
25, 8
25, 6
25, 57
25, 5
25, 5
25, 48
25, 42
25, 32
25, 31
25, 3
25, 28
25, 24
25, 24
25, 22
25, 21
25, 21
25, 18
25, 1
24, 8
24, 8
24, 7
24, 6
24, 6
24, 5
24, 5
24, 5
24, 5
24, 47
24, 43
24, 42
24, 4
24, 4
24, 4
24, 36
24, 35
24, 31
24, 30
24, 3
24, 28
24, 26
24, 25
24, 25
24, 23
24, 21
24, 21
24, 19
24, 18
24, 18
24, 15
24, 15
24, 12
24, 1
23, 8
23, 56
23, 55
23, 42
23, 39
23, 32
23, 30
23, 30
23, 30
23, 3
23, 3
23, 29
23, 28
23, 28
23, 24
23, 22
23, 22
23, 21
23, 20
23, 2
23, 2
23, 2
23, 18
23, 13
23, 13
23, 11
23, 10
23, 10
22, 8
22, 8
22, 7
22, 6
22, 6
22, 56
22, 5
22, 48
22, 44
22, 43
22, 42
22, 41
22, 40
22, 4
22, 35
22, 32
22, 32
22, 30
22, 3
22, 3
22, 27
22, 24
22, 19
22, 18
22, 18
22, 17
22, 14
22, 1
21, 8
21, 8
21, 57
21, 53
21, 53
21, 5
21, 5
21, 4
21, 32
21, 32
21, 32
21, 30
21, 30
21, 3
21, 3
21, 25
21, 23
21, 23
21, 22
21, 22
21, 22
21, 22
21, 21
21, 2
21, 17
21, 14
20, 7
20, 57
20, 5
20, 46
20, 32
20, 27
20, 26
20, 23
20, 22
20, 22
20, 21
20, 2
20, 19
20, 18
20, 18
20, 17
20, 12
20, 11
2, 9
2, 8
2, 8
2, 7
2, 7
2, 6
2, 57
2, 56
2, 56
2, 55
2, 54
2, 51
2, 50
2, 5
2, 5
2, 48
2, 45
2, 44
2, 4
2, 4
2, 4
2, 38
2, 33
2, 32
2, 30
2, 3
2, 3
2, 3
2, 3
2, 29
2, 28
2, 25
2, 24
2, 24
2, 24
2, 24
2, 23
2, 23
2, 22
2, 22
2, 21
2, 21
2, 21
2, 21
2, 2
2, 19
2, 19
2, 19
2, 19
2, 13
2, 10
2, 1
2, 1
197, 9
197, 8
197, 6
197, 6
197, 6
197, 6
197, 54
197, 53
197, 5
197, 5
197, 5
197, 49
197, 46
197, 44
197, 44
197, 43
197, 41
197, 4
197, 39
197, 32
197, 30
197, 3
197, 3
197, 3
197, 29
197, 27
197, 26
197, 24
197, 24
197, 24
197, 23
197, 23
197, 22
197, 22
197, 21
197, 2
197, 19
197, 19
197, 17
197, 17
197, 17
197, 17
197, 17
197, 13
197, 13
197, 13
197, 10
197, 10
197, 1
196, 8
196, 6
196, 57
196, 53
196, 51
196, 5
196, 49
196, 44
196, 43
196, 43
196, 42
196, 41
196, 4
196, 4
196, 35
196, 34
196, 30
196, 3
196, 3
196, 29
196, 28
196, 26
196, 24
196, 24
196, 22
196, 2
196, 2
196, 2
196, 19
196, 18
196, 18
196, 18
196, 13
196, 1
195, 9
195, 8
195, 7
195, 7
195, 7
195, 7
195, 7
195, 57
195, 56
195, 53
195, 51
195, 49
195, 45
195, 38
195, 31
195, 31
195, 30
195, 30
195, 30
195, 3
195, 29
195, 28
195, 28
195, 27
195, 26
195, 25
195, 23
195, 22
195, 20
195, 2
195, 2
195, 19
195, 19
195, 19
195, 16
195, 15
195, 11
194, 9
194, 8
194, 7
194, 57
194, 56
194, 56
194, 51
194, 5
194, 5
194, 5
194, 45
194, 45
194, 44
194, 41
194, 40
194, 4
194, 4
194, 30
194, 3
194, 3
194, 3
194, 28
194, 27
194, 24
194, 24
194, 24
194, 23
194, 23
194, 22
194, 21
194, 21
194, 21
194, 21
194, 21
194, 20
194, 20
194, 2
194, 19
194, 19
194, 18
194, 18
194, 18
194, 17
194, 15
194, 12
194, 10
194, 1
193, 8
193, 7
193, 7
193, 7
193, 6
193, 6
193, 53
193, 5
193, 46
193, 41
193, 40
193, 4
193, 4
193, 4
193, 31
193, 31
193, 31
193, 30
193, 3
193, 29
193, 29
193, 28
193, 28
193, 28
193, 27
193, 27
193, 24
193, 23
193, 23
193, 23
193, 23
193, 22
193, 22
193, 22
193, 21
193, 21
193, 21
193, 20
193, 19
193, 19
193, 18
193, 17
193, 16
193, 15
193, 14
193, 13
193, 13
193, 13
193, 11
192, 8
192, 7
192, 7
192, 7
192, 7
192, 57
192, 57
192, 57
192, 57
192, 56
192, 53
192, 5
192, 46
192, 40
192, 4
192, 4
192, 39
192, 38
192, 34
192, 33
192, 33
192, 32
192, 32
192, 32
192, 31
192, 31
192, 30
192, 29
192, 27
192, 26
192, 26
192, 25
192, 23
192, 22
192, 22
192, 21
192, 21
192, 2
192, 19
192, 19
192, 18
192, 13
192, 13
192, 13
192, 13
192, 13
192, 10
192, 1
191, 8
191, 8
191, 5
191, 48
191, 42
191, 40
191, 40
191, 4
191, 4
191, 37
191, 37
191, 34
191, 32
191, 30
191, 29
191, 28
191, 28
191, 25
191, 25
191, 23
191, 23
191, 22
191, 21
191, 21
191, 2
191, 2
191, 19
191, 19
191, 19
191, 19
191, 18
191, 18
191, 17
191, 12
190, 8
190, 8
190, 8
190, 8
190, 8
190, 54
190, 52
190, 51
190, 50
190, 50
190, 5
190, 5
190, 5
190, 5
190, 49
190, 40
190, 40
190, 40
190, 4
190, 39
190, 36
190, 34
190, 32
190, 32
190, 32
190, 31
190, 30
190, 29
190, 29
190, 27
190, 26
190, 25
190, 25
190, 24
190, 24
190, 24
190, 23
190, 22
190, 22
190, 21
190, 2
190, 2
190, 19
190, 19
190, 19
190, 19
190, 18
190, 18
190, 18
190, 17
190, 17
190, 17
190, 17
190, 16
190, 15
190, 14
190, 13
19, 7
19, 57
19, 50
19, 5
19, 40
19, 4
19, 37
19, 30
19, 3
19, 29
19, 28
19, 24
19, 23
19, 2
19, 18
19, 17
189, 8
189, 8
189, 8
189, 7
189, 7
189, 6
189, 57
189, 57
189, 57
189, 56
189, 56
189, 53
189, 5
189, 49
189, 47
189, 45
189, 4
189, 37
189, 30
189, 3
189, 29
189, 29
189, 29
189, 27
189, 26
189, 21
189, 21
189, 21
189, 20
189, 20
189, 19
189, 19
189, 19
189, 18
189, 17
189, 17
189, 14
189, 14
189, 11
189, 11
188, 9
188, 8
188, 7
188, 6
188, 52
188, 50
188, 5
188, 49
188, 48
188, 35
188, 32
188, 30
188, 29
188, 28
188, 26
188, 25
188, 25
188, 25
188, 24
188, 24
188, 23
188, 21
188, 21
188, 2
188, 19
188, 18
188, 18
188, 17
188, 16
188, 15
188, 14
188, 11
188, 1
188, 1
187, 8
187, 8
187, 7
187, 7
187, 7
187, 7
187, 6
187, 6
187, 51
187, 47
187, 46
187, 44
187, 42
187, 40
187, 4
187, 4
187, 31
187, 30
187, 3
187, 29
187, 29
187, 27
187, 26
187, 24
187, 23
187, 22
187, 22
187, 20
187, 2
187, 19
187, 18
187, 18
187, 18
187, 17
187, 13
187, 1
186, 8
186, 8
186, 6
186, 6
186, 57
186, 57
186, 57
186, 55
186, 53
186, 52
186, 5
186, 5
186, 47
186, 41
186, 39
186, 37
186, 35
186, 33
186, 32
186, 32
186, 31
186, 30
186, 29
186, 27
186, 26
186, 25
186, 25
186, 25
186, 25
186, 24
186, 24
186, 24
186, 24
186, 23
186, 22
186, 22
186, 21
186, 20
186, 20
186, 20
186, 2
186, 19
186, 18
186, 18
186, 18
186, 17
186, 17
186, 17
186, 17
186, 17
186, 16
186, 16
186, 11
186, 10
186, 1
185, 8
185, 7
185, 55
185, 54
185, 5
185, 5
185, 45
185, 44
185, 42
185, 42
185, 4
185, 4
185, 4
185, 4
185, 38
185, 33
185, 31
185, 31
185, 3
185, 29
185, 29
185, 28
185, 28
185, 27
185, 24
185, 24
185, 23
185, 21
185, 21
185, 21
185, 2
185, 2
185, 19
185, 19
185, 17
185, 17
185, 17
185, 15
185, 15
185, 13
185, 11
185, 11
185, 1
185, 1
184, 8
184, 8
184, 8
184, 7
184, 7
184, 6
184, 6
184, 6
184, 57
184, 57
184, 52
184, 51
184, 51
184, 5
184, 49
184, 49
184, 48
184, 45
184, 44
184, 44
184, 42
184, 4
184, 36
184, 34
184, 32
184, 32
184, 30
184, 3
184, 29
184, 27
184, 27
184, 26
184, 23
184, 22
184, 20
184, 20
184, 19
184, 18
184, 18
184, 18
184, 18
184, 17
184, 17
184, 13
184, 1
184, 1
183, 9
183, 8
183, 7
183, 7
183, 6
183, 6
183, 6
183, 6
183, 57
183, 55
183, 5
183, 5
183, 5
183, 48
183, 44
183, 43
183, 40
183, 4
183, 4
183, 4
183, 37
183, 37
183, 34
183, 31
183, 31
183, 3
183, 28
183, 27
183, 25
183, 24
183, 24
183, 24
183, 23
183, 21
183, 20
183, 2
183, 2
183, 17
183, 14
183, 14
183, 10
182, 8
182, 8
182, 8
182, 8
182, 7
182, 57
182, 55
182, 54
182, 54
182, 53
182, 52
182, 5
182, 5
182, 49
182, 49
182, 47
182, 41
182, 41
182, 38
182, 37
182, 32
182, 32
182, 3
182, 3
182, 28
182, 27
182, 27
182, 25
182, 24
182, 22
182, 21
182, 21
182, 20
182, 20
182, 2
182, 2
182, 17
182, 15
182, 1
181, 8
181, 8
181, 8
181, 8
181, 7
181, 6
181, 6
181, 53
181, 5
181, 49
181, 49
181, 49
181, 44
181, 43
181, 39
181, 37
181, 32
181, 31
181, 30
181, 3
181, 29
181, 27
181, 27
181, 26
181, 24
181, 21
181, 21
181, 2
181, 19
181, 19
181, 18
181, 18
181, 16
181, 10
181, 1
180, 8
180, 7
180, 7
180, 6
180, 6
180, 56
180, 53
180, 52
180, 50
180, 5
180, 5
180, 5
180, 4
180, 4
180, 4
180, 38
180, 31
180, 30
180, 30
180, 3
180, 28
180, 28
180, 28
180, 26
180, 25
180, 24
180, 23
180, 23
180, 23
180, 22
180, 21
180, 21
180, 20
180, 20
180, 20
180, 2
180, 19
180, 19
180, 18
180, 17
180, 17
180, 16
180, 13
180, 13
180, 11
180, 1
180, 1
18, 9
18, 7
18, 7
18, 7
18, 6
18, 56
18, 52
18, 5
18, 47
18, 4
18, 33
18, 31
18, 30
18, 28
18, 24
18, 22
18, 21
18, 2
18, 2
18, 14
18, 11
18, 1
179, 6
179, 5
179, 5
179, 47
179, 45
179, 45
179, 44
179, 42
179, 32
179, 30
179, 30
179, 3
179, 3
179, 3
179, 29
179, 26
179, 26
179, 26
179, 24
179, 22
179, 2
179, 19
179, 19
179, 19
179, 18
179, 18
179, 18
179, 18
179, 17
179, 14
179, 11
179, 1
179, 1
178, 8
178, 8
178, 7
178, 6
178, 6
178, 6
178, 57
178, 57
178, 5
178, 5
178, 49
178, 45
178, 42
178, 4
178, 37
178, 36
178, 34
178, 32
178, 30
178, 3
178, 3
178, 3
178, 28
178, 27
178, 27
178, 27
178, 25
178, 24
178, 23
178, 23
178, 22
178, 21
178, 2
178, 2
178, 18
178, 17
178, 17
178, 17
178, 17
178, 17
178, 15
178, 15
178, 13
178, 12
178, 10
177, 8
177, 7
177, 57
177, 57
177, 56
177, 56
177, 54
177, 5
177, 5
177, 5
177, 48
177, 47
177, 42
177, 42
177, 4
177, 37
177, 32
177, 31
177, 28
177, 27
177, 27
177, 24
177, 24
177, 24
177, 23
177, 23
177, 23
177, 21
177, 2
177, 2
177, 2
177, 13
176, 9
176, 7
176, 7
176, 6
176, 6
176, 6
176, 6
176, 56
176, 53
176, 52
176, 50
176, 47
176, 43
176, 4
176, 4
176, 4
176, 39
176, 37
176, 37
176, 37
176, 36
176, 34
176, 32
176, 31
176, 3
176, 3
176, 29
176, 29
176, 29
176, 28
176, 27
176, 27
176, 25
176, 24
176, 24
176, 23
176, 22
176, 21
176, 20
176, 20
176, 2
176, 19
176, 18
176, 18
176, 17
176, 15
176, 13
176, 13
176, 10
176, 1
175, 8
175, 6
175, 6
175, 6
175, 57
175, 56
175, 55
175, 51
175, 5
175, 5
175, 5
175, 45
175, 43
175, 43
175, 4
175, 4
175, 31
175, 30
175, 3
175, 3
175, 29
175, 28
175, 28
175, 26
175, 26
175, 25
175, 24
175, 23
175, 23
175, 2
175, 18
175, 18
175, 18
175, 14
175, 13
175, 1
174, 8
174, 8
174, 7
174, 6
174, 55
174, 52
174, 49
174, 46
174, 45
174, 40
174, 4
174, 4
174, 4
174, 4
174, 4
174, 4
174, 36
174, 34
174, 31
174, 31
174, 28
174, 28
174, 27
174, 26
174, 25
174, 21
174, 20
174, 20
174, 2
174, 19
174, 19
174, 19
174, 19
174, 18
174, 18
174, 1
173, 9
173, 8
173, 6
173, 52
173, 50
173, 5
173, 5
173, 48
173, 46
173, 45
173, 45
173, 4
173, 4
173, 4
173, 38
173, 34
173, 32
173, 31
173, 31
173, 31
173, 30
173, 3
173, 26
173, 24
173, 24
173, 24
173, 24
173, 23
173, 20
173, 2
173, 2
173, 2
173, 19
173, 18
173, 14
173, 14
173, 12
173, 10
172, 7
172, 7
172, 6
172, 6
172, 6
172, 57
172, 57
172, 57
172, 54
172, 54
172, 52
172, 5
172, 47
172, 47
172, 46
172, 45
172, 44
172, 43
172, 41
172, 4
172, 4
172, 34
172, 32
172, 31
172, 31
172, 29
172, 27
172, 26
172, 26
172, 26
172, 25
172, 25
172, 24
172, 23
172, 23
172, 22
172, 22
172, 21
172, 19
172, 19
172, 17
172, 17
172, 17
172, 11
171, 7
171, 6
171, 6
171, 6
171, 55
171, 47
171, 40
171, 4
171, 4
171, 4
171, 4
171, 36
171, 35
171, 32
171, 31
171, 3
171, 28
171, 27
171, 26
171, 25
171, 24
171, 24
171, 23
171, 22
171, 22
171, 21
171, 21
171, 19
171, 18
171, 17
171, 13
170, 8
170, 7
170, 6
170, 6
170, 6
170, 6
170, 6
170, 6
170, 6
170, 6
170, 57
170, 56
170, 52
170, 51
170, 5
170, 5
170, 47
170, 46
170, 46
170, 44
170, 43
170, 42
170, 42
170, 4
170, 4
170, 39
170, 39
170, 37
170, 30
170, 3
170, 29
170, 29
170, 29
170, 28
170, 27
170, 26
170, 25
170, 25
170, 24
170, 24
170, 24
170, 23
170, 23
170, 22
170, 20
170, 2
170, 2
170, 2
170, 19
170, 19
170, 18
170, 18
170, 14
170, 13
170, 12
170, 11
170, 10
170, 10
170, 1
17, 6
17, 6
17, 6
17, 53
17, 5
17, 43
17, 43
17, 4
17, 4
17, 32
17, 31
17, 30
17, 3
17, 3
17, 3
17, 26
17, 24
17, 24
17, 23
17, 20
17, 2
17, 19
17, 13
17, 1
17, 1
169, 7
169, 7
169, 49
169, 49
169, 47
169, 4
169, 35
169, 34
169, 32
169, 31
169, 30
169, 3
169, 3
169, 29
169, 29
169, 24
169, 23
169, 23
169, 19
169, 19
169, 19
169, 18
169, 17
169, 11
169, 1
169, 1
168, 9
168, 8
168, 8
168, 7
168, 6
168, 6
168, 56
168, 54
168, 53
168, 52
168, 52
168, 50
168, 50
168, 5
168, 46
168, 46
168, 45
168, 42
168, 4
168, 34
168, 3
168, 29
168, 29
168, 29
168, 27
168, 26
168, 25
168, 25
168, 25
168, 24
168, 24
168, 23
168, 23
168, 22
168, 22
168, 22
168, 21
168, 21
168, 18
168, 18
168, 18
168, 17
168, 16
168, 11
168, 1
167, 8
167, 8
167, 7
167, 7
167, 7
167, 6
167, 6
167, 55
167, 5
167, 5
167, 47
167, 47
167, 46
167, 45
167, 42
167, 36
167, 32
167, 32
167, 31
167, 30
167, 30
167, 27
167, 26
167, 26
167, 24
167, 19
167, 16
167, 11
166, 7
166, 57
166, 56
166, 56
166, 56
166, 52
166, 51
166, 50
166, 5
166, 5
166, 5
166, 41
166, 4
166, 4
166, 4
166, 36
166, 34
166, 31
166, 30
166, 26
166, 25
166, 24
166, 23
166, 23
166, 22
166, 22
166, 22
166, 21
166, 2
166, 2
166, 18
166, 18
166, 17
166, 17
166, 17
166, 12
165, 7
165, 7
165, 7
165, 6
165, 5
165, 40
165, 39
165, 37
165, 36
165, 3
165, 27
165, 27
165, 26
165, 26
165, 24
165, 21
165, 21
165, 20
165, 2
165, 18
165, 17
165, 17
165, 16
165, 11
165, 1
164, 8
164, 8
164, 8
164, 8
164, 7
164, 57
164, 57
164, 56
164, 54
164, 50
164, 5
164, 48
164, 46
164, 45
164, 45
164, 44
164, 44
164, 42
164, 4
164, 39
164, 38
164, 35
164, 32
164, 31
164, 31
164, 3
164, 3
164, 3
164, 3
164, 28
164, 27
164, 26
164, 25
164, 22
164, 21
164, 21
164, 2
164, 19
164, 19
164, 18
164, 18
164, 17
164, 17
164, 17
164, 15
164, 11
164, 10
164, 1
164, 1
163, 8
163, 8
163, 7
163, 6
163, 57
163, 55
163, 55
163, 50
163, 44
163, 41
163, 40
163, 37
163, 32
163, 31
163, 30
163, 3
163, 28
163, 26
163, 21
163, 20
163, 2
163, 17
163, 17
162, 8
162, 7
162, 7
162, 7
162, 6
162, 6
162, 57
162, 51
162, 51
162, 5
162, 47
162, 44
162, 40
162, 40
162, 4
162, 38
162, 38
162, 35
162, 32
162, 30
162, 28
162, 28
162, 27
162, 27
162, 25
162, 25
162, 23
162, 21
162, 21
162, 20
162, 20
162, 20
162, 19
162, 19
162, 19
162, 18
162, 15
162, 11
162, 1
162, 1
161, 56
161, 49
161, 4
161, 35
161, 35
161, 33
161, 31
161, 31
161, 30
161, 3
161, 3
161, 24
161, 24
161, 24
161, 21
161, 18
161, 17
161, 10
161, 1
160, 7
160, 7
160, 5
160, 48
160, 4
160, 4
160, 4
160, 4
160, 35
160, 29
160, 27
160, 27
160, 24
160, 24
160, 21
160, 19
160, 19
160, 16
160, 14
16, 8
16, 8
16, 7
16, 6
16, 6
16, 6
16, 6
16, 57
16, 57
16, 5
16, 48
16, 44
16, 40
16, 4
16, 4
16, 35
16, 33
16, 33
16, 30
16, 3
16, 29
16, 28
16, 22
16, 22
16, 20
16, 19
16, 18
16, 17
16, 14
16, 14
159, 8
159, 6
159, 5
159, 43
159, 31
159, 31
159, 30
159, 28
159, 28
159, 27
159, 26
159, 26
159, 25
159, 24
159, 24
159, 23
159, 22
159, 22
159, 21
159, 2
159, 18
159, 15
159, 11
159, 1
158, 6
158, 53
158, 5
158, 5
158, 48
158, 45
158, 4
158, 37
158, 37
158, 35
158, 34
158, 32
158, 31
158, 29
158, 27
158, 24
158, 23
158, 23
158, 22
158, 21
158, 21
158, 21
158, 2
158, 19
158, 19
158, 19
158, 18
158, 18
158, 16
158, 15
158, 13
158, 13
157, 8
157, 7
157, 6
157, 55
157, 55
157, 55
157, 55
157, 55
157, 54
157, 50
157, 49
157, 47
157, 46
157, 45
157, 45
157, 43
157, 42
157, 4
157, 36
157, 32
157, 31
157, 3
157, 3
157, 29
157, 29
157, 25
157, 25
157, 24
157, 23
157, 22
157, 21
157, 21
157, 19
157, 18
157, 18
157, 18
157, 17
157, 15
157, 11
157, 10
157, 10
157, 1
157, 1
157, 1
156, 7
156, 7
156, 6
156, 57
156, 5
156, 5
156, 5
156, 5
156, 45
156, 43
156, 43
156, 4
156, 35
156, 34
156, 32
156, 24
156, 22
156, 21
156, 20
156, 20
156, 19
156, 19
156, 17
156, 17
156, 16
156, 15
156, 12
156, 11
155, 8
155, 6
155, 55
155, 53
155, 42
155, 42
155, 41
155, 4
155, 4
155, 36
155, 31
155, 3
155, 3
155, 3
155, 29
155, 26
155, 21
155, 21
155, 20
155, 19
155, 18
155, 17
155, 15
155, 14
155, 14
155, 13
155, 12
155, 10
154, 8
154, 8
154, 8
154, 7
154, 7
154, 7
154, 7
154, 6
154, 6
154, 50
154, 50
154, 45
154, 45
154, 44
154, 43
154, 43
154, 41
154, 4
154, 38
154, 32
154, 31
154, 30
154, 29
154, 28
154, 25
154, 24
154, 22
154, 21
154, 20
154, 2
154, 18
154, 18
154, 17
154, 16
154, 16
154, 15
154, 14
154, 11
154, 10
154, 1
154, 1
153, 8
153, 8
153, 8
153, 8
153, 6
153, 6
153, 6
153, 5
153, 41
153, 4
153, 4
153, 38
153, 36
153, 34
153, 32
153, 31
153, 30
153, 3
153, 29
153, 28
153, 28
153, 27
153, 26
153, 25
153, 24
153, 23
153, 21
153, 20
153, 2
153, 2
153, 17
153, 17
153, 17
153, 17
153, 1
153, 1
152, 8
152, 8
152, 7
152, 7
152, 6
152, 6
152, 53
152, 5
152, 5
152, 5
152, 49
152, 47
152, 44
152, 43
152, 35
152, 26
152, 22
152, 22
152, 20
152, 19
152, 19
152, 19
152, 18
152, 18
152, 15
152, 13
152, 13
152, 1
151, 8
151, 8
151, 56
151, 5
151, 44
151, 42
151, 42
151, 34
151, 31
151, 31
151, 31
151, 3
151, 3
151, 3
151, 3
151, 26
151, 26
151, 25
151, 24
151, 22
151, 22
151, 21
151, 20
151, 2
151, 2
151, 17
151, 12
151, 10
151, 1
151, 1
151, 1
150, 7
150, 6
150, 6
150, 6
150, 6
150, 57
150, 57
150, 54
150, 52
150, 5
150, 40
150, 38
150, 38
150, 3
150, 29
150, 28
150, 27
150, 24
150, 23
150, 22
150, 22
150, 21
150, 21
150, 21
150, 20
150, 2
150, 18
150, 17
150, 17
150, 17
150, 16
150, 14
150, 13
150, 1
150, 1
15, 9
15, 5
15, 4
15, 32
15, 31
15, 3
15, 3
15, 3
15, 24
15, 23
15, 18
15, 17
149, 7
149, 6
149, 6
149, 53
149, 52
149, 5
149, 48
149, 43
149, 42
149, 41
149, 31
149, 27
149, 27
149, 27
149, 24
149, 21
149, 21
149, 20
149, 20
149, 20
149, 19
149, 18
149, 18
149, 17
149, 11
149, 1
149, 1
148, 9
148, 8
148, 7
148, 7
148, 52
148, 50
148, 5
148, 5
148, 48
148, 45
148, 44
148, 40
148, 4
148, 35
148, 33
148, 3
148, 27
148, 26
148, 26
148, 26
148, 26
148, 26
148, 25
148, 25
148, 24
148, 24
148, 24
148, 23
148, 23
148, 23
148, 22
148, 21
148, 20
148, 2
148, 2
148, 2
148, 19
148, 19
148, 17
148, 10
148, 1
148, 1
147, 9
147, 8
147, 8
147, 8
147, 7
147, 57
147, 55
147, 53
147, 5
147, 5
147, 47
147, 43
147, 4
147, 4
147, 37
147, 3
147, 3
147, 28
147, 27
147, 24
147, 23
147, 23
147, 20
147, 2
147, 18
147, 18
147, 17
147, 17
147, 17
147, 15
147, 14
147, 11
147, 1
147, 1
147, 1
146, 9
146, 7
146, 7
146, 6
146, 6
146, 56
146, 55
146, 53
146, 52
146, 5
146, 48
146, 45
146, 43
146, 40
146, 4
146, 38
146, 36
146, 33
146, 31
146, 31
146, 3
146, 27
146, 24
146, 24
146, 23
146, 23
146, 22
146, 20
146, 20
146, 2
146, 2
146, 2
146, 19
146, 19
146, 18
146, 18
146, 11
146, 1
146, 1
145, 8
145, 7
145, 7
145, 7
145, 6
145, 6
145, 57
145, 53
145, 53
145, 47
145, 45
145, 44
145, 43
145, 41
145, 34
145, 32
145, 3
145, 28
145, 28
145, 26
145, 25
145, 22
145, 21
145, 21
145, 21
145, 2
145, 2
145, 2
145, 18
145, 11
145, 10
144, 8
144, 7
144, 7
144, 54
144, 53
144, 52
144, 5
144, 47
144, 46
144, 41
144, 40
144, 36
144, 33
144, 32
144, 30
144, 30
144, 3
144, 3
144, 28
144, 28
144, 27
144, 25
144, 22
144, 22
144, 21
144, 20
144, 2
144, 2
144, 2
144, 19
144, 18
144, 18
144, 17
144, 17
144, 14
144, 10
143, 8
143, 8
143, 7
143, 7
143, 51
143, 5
143, 48
143, 42
143, 41
143, 41
143, 4
143, 38
143, 34
143, 31
143, 28
143, 28
143, 25
143, 23
143, 23
143, 21
143, 20
143, 2
143, 2
143, 19
143, 18
143, 18
143, 16
143, 15
143, 10
143, 1
143, 1
142, 8
142, 7
142, 6
142, 55
142, 5
142, 5
142, 48
142, 39
142, 37
142, 33
142, 32
142, 30
142, 3
142, 29
142, 28
142, 27
142, 26
142, 20
142, 2
142, 2
142, 2
142, 19
142, 16
142, 13
142, 11
142, 10
141, 6
141, 6
141, 56
141, 5
141, 5
141, 48
141, 46
141, 35
141, 34
141, 32
141, 3
141, 26
141, 26
141, 26
141, 24
141, 23
141, 22
141, 21
141, 21
141, 21
141, 20
141, 19
141, 18
141, 18
141, 17
141, 17
141, 17
141, 17
141, 15
141, 13
140, 9
140, 8
140, 6
140, 57
140, 52
140, 44
140, 43
140, 35
140, 30
140, 29
140, 29
140, 27
140, 26
140, 25
140, 23
140, 18
140, 17
140, 17
140, 11
140, 1
140, 1
140, 1
14, 8
14, 8
14, 8
14, 6
14, 54
14, 4
14, 32
14, 3
14, 28
14, 28
14, 23
14, 21
14, 20
14, 20
14, 19
14, 19
14, 19
14, 18
14, 18
14, 15
14, 15
14, 14
139, 7
139, 57
139, 50
139, 5
139, 49
139, 48
139, 44
139, 32
139, 3
139, 29
139, 29
139, 27
139, 24
139, 23
139, 21
139, 2
139, 13
139, 12
139, 12
139, 11
138, 8
138, 7
138, 7
138, 7
138, 6
138, 6
138, 57
138, 53
138, 50
138, 48
138, 48
138, 45
138, 42
138, 42
138, 40
138, 37
138, 37
138, 30
138, 3
138, 3
138, 29
138, 27
138, 25
138, 25
138, 24
138, 24
138, 23
138, 23
138, 23
138, 22
138, 20
138, 20
138, 2
138, 19
138, 19
137, 9
137, 8
137, 6
137, 53
137, 52
137, 51
137, 49
137, 47
137, 4
137, 4
137, 37
137, 35
137, 32
137, 32
137, 31
137, 25
137, 24
137, 21
137, 2
137, 19
137, 18
137, 18
137, 18
137, 18
137, 17
137, 15
137, 11
137, 1
137, 1
136, 9
136, 8
136, 7
136, 7
136, 6
136, 6
136, 57
136, 56
136, 52
136, 51
136, 50
136, 46
136, 43
136, 4
136, 4
136, 37
136, 32
136, 31
136, 30
136, 29
136, 28
136, 25
136, 24
136, 24
136, 24
136, 21
136, 21
136, 21
136, 20
136, 2
136, 18
136, 17
136, 17
136, 17
136, 15
136, 14
135, 9
135, 8
135, 7
135, 7
135, 7
135, 6
135, 6
135, 57
135, 57
135, 55
135, 53
135, 53
135, 5
135, 34
135, 32
135, 31
135, 3
135, 3
135, 29
135, 29
135, 28
135, 26
135, 25
135, 24
135, 24
135, 24
135, 23
135, 23
135, 23
135, 23
135, 23
135, 21
135, 21
135, 21
135, 2
135, 19
135, 19
135, 17
134, 8
134, 8
134, 7
134, 6
134, 6
134, 54
134, 51
134, 5
134, 47
134, 42
134, 31
134, 30
134, 30
134, 30
134, 3
134, 3
134, 29
134, 29
134, 29
134, 26
134, 25
134, 24
134, 23
134, 23
134, 22
134, 21
134, 2
134, 19
134, 18
134, 17
134, 16
134, 15
134, 15
134, 11
133, 9
133, 9
133, 8
133, 7
133, 7
133, 53
133, 51
133, 49
133, 48
133, 43
133, 4
133, 34
133, 31
133, 27
133, 26
133, 26
133, 25
133, 25
133, 24
133, 24
133, 22
133, 22
133, 21
133, 18
133, 17
133, 15
133, 10
133, 10
132, 8
132, 6
132, 6
132, 6
132, 6
132, 55
132, 50
132, 42
132, 4
132, 4
132, 39
132, 31
132, 31
132, 3
132, 29
132, 27
132, 26
132, 23
132, 21
132, 21
132, 2
132, 19
132, 19
132, 18
132, 12
132, 1
132, 1
131, 8
131, 7
131, 7
131, 6
131, 49
131, 4
131, 36
131, 29
131, 29
131, 28
131, 26
131, 25
131, 24
131, 24
131, 23
131, 23
131, 19
131, 18
131, 18
131, 18
131, 17
131, 17
131, 16
131, 13
131, 1
131, 1
131, 1
130, 8
130, 7
130, 7
130, 7
130, 6
130, 6
130, 57
130, 52
130, 51
130, 51
130, 50
130, 5
130, 5
130, 5
130, 47
130, 39
130, 32
130, 32
130, 30
130, 3
130, 29
130, 27
130, 27
130, 25
130, 25
130, 25
130, 23
130, 22
130, 20
130, 19
130, 19
130, 17
130, 16
130, 14
130, 13
130, 12
13, 9
13, 9
13, 8
13, 57
13, 56
13, 4
13, 39
13, 3
13, 3
13, 3
13, 29
13, 23
13, 19
13, 17
13, 17
13, 16
13, 16
13, 16
129, 7
129, 7
129, 50
129, 5
129, 49
129, 4
129, 4
129, 39
129, 30
129, 3
129, 27
129, 27
129, 25
129, 24
129, 23
129, 23
129, 22
129, 22
129, 2
129, 19
129, 18
129, 18
129, 10
128, 8
128, 7
128, 7
128, 7
128, 6
128, 6
128, 57
128, 57
128, 57
128, 5
128, 5
128, 5
128, 43
128, 40
128, 32
128, 32
128, 31
128, 31
128, 3
128, 28
128, 26
128, 26
128, 24
128, 22
128, 22
128, 22
128, 2
128, 19
128, 18
128, 18
128, 17
128, 16
128, 16
128, 16
128, 1
127, 7
127, 54
127, 50
127, 5
127, 5
127, 48
127, 40
127, 4
127, 35
127, 3
127, 26
127, 25
127, 24
127, 22
127, 20
127, 2
127, 19
127, 19
127, 18
127, 18
127, 17
127, 17
127, 17
127, 13
127, 12
127, 10
126, 7
126, 6
126, 57
126, 55
126, 52
126, 5
126, 46
126, 45
126, 41
126, 40
126, 4
126, 35
126, 32
126, 30
126, 28
126, 25
126, 24
126, 24
126, 24
126, 20
126, 2
126, 19
126, 19
126, 18
126, 18
126, 16
126, 11
126, 11
126, 1
126, 1
125, 6
125, 56
125, 54
125, 53
125, 5
125, 40
125, 4
125, 4
125, 4
125, 39
125, 38
125, 38
125, 36
125, 33
125, 31
125, 22
125, 21
125, 21
125, 20
125, 2
125, 2
125, 18
125, 18
125, 17
125, 1
124, 8
124, 7
124, 7
124, 7
124, 7
124, 56
124, 53
124, 52
124, 51
124, 51
124, 36
124, 34
124, 33
124, 33
124, 32
124, 31
124, 30
124, 24
124, 24
124, 23
124, 23
124, 23
124, 22
124, 20
124, 2
124, 2
124, 19
124, 19
124, 18
124, 17
124, 15
124, 13
124, 13
124, 13
124, 1
123, 8
123, 8
123, 8
123, 51
123, 5
123, 5
123, 45
123, 4
123, 4
123, 38
123, 37
123, 36
123, 3
123, 23
123, 22
123, 21
123, 20
123, 2
123, 2
123, 18
123, 18
123, 18
123, 16
123, 16
123, 13
122, 8
122, 50
122, 5
122, 46
122, 45
122, 44
122, 42
122, 41
122, 41
122, 35
122, 31
122, 30
122, 29
122, 29
122, 27
122, 24
122, 24
122, 23
122, 23
122, 23
122, 20
122, 20
122, 15
122, 13
122, 10
122, 1
121, 8
121, 8
121, 8
121, 7
121, 7
121, 6
121, 57
121, 53
121, 5
121, 47
121, 45
121, 44
121, 41
121, 4
121, 37
121, 37
121, 32
121, 32
121, 30
121, 3
121, 29
121, 29
121, 24
121, 21
121, 2
121, 19
121, 18
121, 17
121, 17
121, 16
121, 12
121, 12
121, 11
121, 10
121, 1
120, 6
120, 6
120, 51
120, 5
120, 5
120, 5
120, 48
120, 45
120, 42
120, 4
120, 4
120, 34
120, 33
120, 33
120, 31
120, 3
120, 26
120, 26
120, 24
120, 22
120, 21
120, 20
120, 20
120, 18
120, 18
120, 17
120, 15
120, 14
120, 13
12, 7
12, 7
12, 6
12, 50
12, 32
12, 31
12, 28
12, 27
12, 26
12, 23
12, 22
12, 21
12, 2
12, 19
12, 18
12, 15
12, 1
119, 8
119, 7
119, 7
119, 7
119, 7
119, 7
119, 6
119, 57
119, 56
119, 53
119, 5
119, 44
119, 43
119, 4
119, 4
119, 37
119, 32
119, 30
119, 29
119, 27
119, 26
119, 26
119, 23
119, 23
119, 21
119, 21
119, 21
119, 20
119, 2
119, 14
119, 1
118, 7
118, 6
118, 6
118, 6
118, 54
118, 53
118, 5
118, 5
118, 47
118, 4
118, 4
118, 39
118, 39
118, 39
118, 31
118, 3
118, 25
118, 24
118, 23
118, 22
118, 22
118, 22
118, 21
118, 21
118, 20
118, 20
118, 2
118, 2
118, 19
118, 14
118, 10
118, 1
117, 7
117, 7
117, 7
117, 7
117, 57
117, 55
117, 4
117, 4
117, 32
117, 32
117, 30
117, 3
117, 28
117, 23
117, 23
117, 21
117, 19
117, 14
117, 10
117, 1
116, 8
116, 7
116, 6
116, 6
116, 57
116, 57
116, 51
116, 5
116, 5
116, 5
116, 5
116, 43
116, 42
116, 41
116, 4
116, 39
116, 37
116, 35
116, 32
116, 30
116, 30
116, 28
116, 27
116, 26
116, 26
116, 26
116, 25
116, 25
116, 24
116, 24
116, 24
116, 20
116, 20
116, 20
116, 2
116, 19
116, 18
116, 18
116, 17
116, 16
116, 15
116, 11
116, 1
115, 8
115, 7
115, 6
115, 6
115, 5
115, 47
115, 37
115, 31
115, 31
115, 31
115, 31
115, 30
115, 29
115, 27
115, 25
115, 25
115, 24
115, 23
115, 23
115, 22
115, 22
115, 22
115, 21
115, 18
115, 11
114, 8
114, 8
114, 8
114, 7
114, 6
114, 55
114, 53
114, 5
114, 5
114, 46
114, 33
114, 32
114, 32
114, 32
114, 31
114, 31
114, 31
114, 3
114, 29
114, 29
114, 27
114, 26
114, 25
114, 24
114, 23
114, 23
114, 21
114, 19
114, 19
114, 18
114, 18
114, 11
113, 9
113, 8
113, 7
113, 7
113, 7
113, 6
113, 51
113, 5
113, 5
113, 47
113, 47
113, 39
113, 37
113, 31
113, 30
113, 30
113, 30
113, 29
113, 21
113, 20
113, 2
113, 2
113, 19
113, 19
113, 19
113, 19
113, 16
113, 15
113, 1
113, 1
112, 9
112, 8
112, 7
112, 7
112, 7
112, 51
112, 5
112, 5
112, 5
112, 49
112, 4
112, 4
112, 36
112, 36
112, 34
112, 32
112, 32
112, 31
112, 3
112, 29
112, 27
112, 22
112, 21
112, 21
112, 21
112, 2
112, 2
112, 2
112, 18
112, 18
112, 12
112, 1
111, 7
111, 7
111, 6
111, 6
111, 56
111, 53
111, 46
111, 40
111, 4
111, 38
111, 32
111, 31
111, 3
111, 3
111, 29
111, 27
111, 24
111, 23
111, 22
111, 22
111, 2
111, 19
111, 19
111, 18
111, 16
111, 14
111, 10
110, 9
110, 8
110, 6
110, 6
110, 56
110, 52
110, 5
110, 49
110, 45
110, 4
110, 35
110, 31
110, 30
110, 3
110, 3
110, 3
110, 29
110, 27
110, 27
110, 25
110, 24
110, 23
110, 22
110, 20
110, 2
110, 2
110, 18
110, 17
110, 17
110, 17
110, 17
110, 17
110, 12
11, 7
11, 7
11, 6
11, 56
11, 50
11, 5
11, 49
11, 41
11, 40
11, 34
11, 32
11, 31
11, 31
11, 3
11, 3
11, 27
11, 27
11, 26
11, 23
11, 23
11, 23
11, 22
11, 21
11, 20
11, 18
11, 17
11, 16
109, 8
109, 6
109, 57
109, 57
109, 55
109, 49
109, 45
109, 41
109, 40
109, 39
109, 37
109, 35
109, 34
109, 3
109, 29
109, 29
109, 27
109, 27
109, 25
109, 25
109, 21
109, 2
109, 2
109, 19
109, 18
109, 17
109, 16
109, 13
109, 13
108, 9
108, 9
108, 7
108, 6
108, 57
108, 53
108, 53
108, 51
108, 50
108, 5
108, 5
108, 43
108, 4
108, 4
108, 39
108, 37
108, 33
108, 32
108, 31
108, 31
108, 30
108, 3
108, 27
108, 26
108, 26
108, 25
108, 25
108, 24
108, 24
108, 23
108, 22
108, 22
108, 21
108, 21
108, 20
108, 19
108, 17
108, 17
108, 14
108, 13
108, 1
107, 9
107, 7
107, 6
107, 51
107, 50
107, 5
107, 5
107, 5
107, 40
107, 4
107, 4
107, 36
107, 35
107, 35
107, 3
107, 29
107, 29
107, 29
107, 28
107, 28
107, 27
107, 24
107, 23
107, 22
107, 21
107, 2
107, 19
107, 19
107, 19
107, 11
106, 8
106, 8
106, 8
106, 7
106, 6
106, 6
106, 56
106, 54
106, 50
106, 5
106, 5
106, 5
106, 5
106, 5
106, 5
106, 4
106, 4
106, 4
106, 4
106, 39
106, 33
106, 32
106, 30
106, 3
106, 29
106, 27
106, 26
106, 26
106, 25
106, 25
106, 24
106, 23
106, 22
106, 22
106, 22
106, 2
106, 19
106, 19
106, 19
106, 18
106, 18
106, 15
106, 11
106, 1
106, 1
106, 1
106, 1
105, 8
105, 8
105, 7
105, 7
105, 6
105, 55
105, 53
105, 5
105, 5
105, 33
105, 32
105, 31
105, 3
105, 3
105, 3
105, 24
105, 23
105, 23
105, 22
105, 20
105, 19
105, 18
105, 18
105, 17
105, 15
105, 11
105, 10
104, 9
104, 8
104, 8
104, 8
104, 8
104, 7
104, 7
104, 6
104, 6
104, 53
104, 5
104, 5
104, 5
104, 5
104, 5
104, 5
104, 48
104, 45
104, 45
104, 40
104, 4
104, 4
104, 37
104, 34
104, 31
104, 31
104, 30
104, 3
104, 3
104, 3
104, 29
104, 25
104, 24
104, 24
104, 23
104, 22
104, 21
104, 21
104, 21
104, 20
104, 2
104, 19
104, 19
104, 18
104, 14
103, 7
103, 6
103, 56
103, 55
103, 53
103, 53
103, 51
103, 5
103, 42
103, 4
103, 39
103, 35
103, 30
103, 28
103, 25
103, 24
103, 24
103, 23
103, 23
103, 21
103, 20
103, 20
103, 2
103, 2
103, 19
103, 15
103, 13
103, 10
102, 9
102, 8
102, 8
102, 6
102, 6
102, 54
102, 51
102, 50
102, 46
102, 33
102, 33
102, 31
102, 30
102, 30
102, 30
102, 3
102, 28
102, 24
102, 23
102, 23
102, 23
102, 23
102, 22
102, 21
102, 20
102, 20
102, 20
102, 20
102, 11
101, 8
101, 7
101, 6
101, 56
101, 5
101, 42
101, 4
101, 39
101, 37
101, 35
101, 35
101, 34
101, 33
101, 33
101, 32
101, 31
101, 3
101, 3
101, 28
101, 28
101, 23
101, 23
101, 2
101, 2
101, 19
101, 19
101, 18
101, 18
101, 18
101, 14
101, 13
101, 10
100, 9
100, 8
100, 8
100, 7
100, 7
100, 7
100, 57
100, 57
100, 56
100, 52
100, 5
100, 45
100, 43
100, 43
100, 41
100, 34
100, 33
100, 33
100, 32
100, 32
100, 30
100, 3
100, 3
100, 3
100, 25
100, 25
100, 23
100, 22
100, 22
100, 20
100, 20
100, 2
100, 18
100, 17
100, 17
100, 17
100, 17
100, 16
100, 14
100, 12
10, 9
10, 8
10, 8
10, 7
10, 6
10, 57
10, 56
10, 49
10, 48
10, 33
10, 31
10, 31
10, 3
10, 25
10, 22
10, 21
10, 20
10, 2
10, 19
10, 14
10, 11
10, 11
1, 7
1, 6
1, 6
1, 6
1, 57
1, 57
1, 57
1, 51
1, 41
1, 31
1, 30
1, 3
1, 3
1, 3
1, 29
1, 27
1, 26
1, 24
1, 21
1, 20
1, 20
1, 2
1, 19
1, 19
1, 18
1, 18
1, 18
1, 18
1, 17
1, 17
1, 17
1, 17
1, 17
1, 16
1, 14
1, 13
1, 11
1, 11