1
2
3
4
5
6
7
8
9
10
11
12
13
14
15
16
17
18
19
20
21
22
23
24
25
26
27
28
29
30
31
32
33
34
35
36
37
39
40
41
42
43
44
45
46
48
51
52
53
55
56
58
59
60
61
62
63
65
66
68
71
73
75
76
80
81
82
84
85
86
87
89
90
92
94
95
97
98
100
101
103
104
105
106
107
108
112
113
114
115
116
118
119
120
121
122
123
125
126
127
128
130
134
135
139
141
142
143
144
146
147
148
149
150
151
152
153
156
158
160
162
164
165
166
167
168
170
172
173
175
177
178
179
180
181
182
183
184
185
186
188
189
190
191
192
193
194
196
197