274
269
269
268
271
272
268
298
280
313
273
273
268
266
269
413
541
551
494
270
269
268
498
484
341
347
279
422
433
274
268
270
268
271
270
267
273
271
267
273
269
267
271
270
268
435
437
287
266
273
267
267
270
272
268
434
433
269
285
270
269
266
269
268
273
269
268
271
268
269
272
268
271
435
435
269
275
270
266
272
269
268
270
435
435
270
267
272
269
269
270
290
264
266
274
268
270
273
268
271
268
432
435
267
271
270
267
267
273
275
268
271
267
267
273
273
268
266
270
266
269
269
266
271
270
274
269
435
432
271
273
269
272
269
267
272
268
267
270
271
267
268
273
268
270
438
434
271
268
269
273
270
270
273
268
434
436
269
267
273
266
270
270
267
271
275
269
270
266
268
272
272
268
434
435
266
273
269
268
269
289
332
307
436
434
264
314
534
422
263
273
269
271
273
269
274
269
268
272
269
272
435
433
266
270
272
268
270
268
268
274
434
453
296
339
307
531
356
274
272
267
305
298
292
272
270
267
269
270
436
438
270
275
315
273
292
322
270
267
273
269
269
270
275
306
271
269
271
268
269
273
272
269
268
274
449
439
270
266
270
269
265
273
268
271
274
292
273
273
271
288
276
268
434
433
271
277
297
266
273
268
267
271
434
434
268
273
269
389
535
519
395
274
264
301
284
310
270
267
268
271
438
434
269
268
291
552
451
330
271
274
434
447
565
482
371
274
267
266
273
316
543
482
357
269
273
278
302
563
584
483
265
269
268
270
292
562
473
340
471
432
264
309
555
434
320
302
306
277
273
381
562
386
275
273
300
333
433
599
487
383
268
275
296
306
345
592
418
273
274
272
275
289
305
551
473
366
269
270
271
282
284
301
434
432
268
272
268
273
270
267
275
451
522
372
270
267
268
273
272
536
630
477
270
267
270
274
363
598
387
365
433
437
270
355
551
366
400
287
265
270
274
269
499
484
401
288
304
267
433
549
510
382
294
279
316
266
268
514
591
475
265
295
313
262
409
539
385
287
269
277
296
372
518
430
321
274
438
443
290
320
270
269
271
267
267
273
433
435
278
482
500
377
270
273
274
272
271
558
475
383
270
266
271
271
470
663
454
348
274
268
268
274
409
567
414
325
269
271
269
306
574
450
348
292
287
274
273
269
519
467
534
439
317
264
270
286
523
460
371
296
276
306
266
360
574
383
283
264
445
447
287
468
484
371
275
266
293
266
455
431
271
278
266
269
273
269
272
274
269
407
552
401
287
266
270
268
452
625
470
368
272
270
273
278
305
533
632
488
270
268
269
277
439
542
448
276
267
271
268
293
521
481
394
265
434
436
318
542
414
369
301
271
272
269
535
633
356
307
320
265
271
310
536
429
322
278
288
317
269
273
391
548
503
434
302
293
288
334
536
442
298
269
264
300
281
437
558
410
278
269
265
265
279
316
397
269
269
268
438
435
267
272
456
523
452
290
279
262
266
366
578
451
325
270
270
288
637
598
342
264
265
270
268
399
559
405
462
451
272
271
447
501
357
293
286
315
271
267
464
496
380
268
293
281
457
500
563
373
277
268
266
298
307
279
609
575
323
278
273
274
294
319
266
273
276
267
271
267
268
273
267
275
609
612
367
274
271
273
270
281
478
521
502
441
271
268
275
319
558
490
307
262
266
271
267
343
601
435
316
278
430
435
270
472
511
452
263
267
274
268
300
522
479
385
291
273
272
273
274
423
500
404
290
290
271
275
487
655
387
285
284
310
281
270
514
483
361
273
291
292
324
288
515
448
489
437
279
288
327
395
545
365
305
273
437
450
317
270
268
272
270
267
270
268
268
273
269
409
606
392
267
273
436
435
301
560
482
329
273
269
266
273
442
661
513
316
268
272
273
269
555
454
393
292
269
273
270
270
528
512
476
461
268
269
271
538
465
364
273
275
456
434
334
552
409
363
270
271
309
269
471
487
379
269
289
267
267
312
653
580
329
274
273
294
270
284
450
537
410
277
274
267
300
268
290
279
266
271
272
268
274
269
270
271
623
600
318
267
267
270
275
278
472
542
373
273
269
269
264
272
480
532
514
430
269
278
264
476
519
418
267
270
435
437
440
546
413
298
276
272
270
291
523
450
362
267
273
289
271
389
638
532
291
268
273
312
264
466
474
409
436
451
270
315
489
473
360
274
265
286
281
268
317
272
264
273
267
270
436
433
274
273
520
481
371
268
270
271
437
478
555
425
316
269
284
271
270
399
613
393
312
270
275
268
360
573
538
469
290
273
270
342
544
446
307
316
284
268
270
383
535
448
304
282
306
273
267
383
546
370
336
271
454
434
417
517
364
269
274
295
279
322
293
516
448
346
275
274
299
272
537
661
392
278
273
270
289
275
299
298
437
434
266
271
268
272
270
272
347
592
399
333
266
269
274
270
519
496
510
435
271
269
268
464
509
450
269
272
433
437
516
467
398
317
270
268
271
267
391
563
389
287
315
265
274
270
624
599
319
269
269
273
267
273
272
267
434
434
269
273
267
270
274
269
269
272
271
268
272
268
266
271
268
270
436
434
271
268
268
273
274
269
268
271
268
271
269
266
269
273
271
266
272
268
268
271
270
267
269
272
439
460
274
268
273
277
326
537
403
342
267
263
264
266
269
267
268
269
433
436
266
266
269
264
266
266
268
273
436
434
268
270
268
273
270
268
270
269
268
273
267
271
272
268
269
273
436
435
274
269
268
272
272
268
266
270
434
437
270
267
268
273
274
269
271
271
269
272
267
272
270
266
273
269
433
435
270
267
269
272
266
270
272
269
434
433
269
271
267
270
272
269
269
273
269
267
271
268
267
269
267
271
436
434
270
267
268
272
272
269
267
270
268
272
270
267
269
267
269
273
268
271
273
268
268
272
270
267
435
434
266
270
267
272
273
268
270
267
269
273
273
268
267
270
268
274
435
434
273
269
267
269
268
273
271
269
434
435
272
269
271
266
268
274
268
272
270
267
276
269
268
271
270
266
435
439
268
270
272
268
267
273
273
268
436
433
267
272
273
268
266
272
269
272
270
267
270
268
269
273
267
269
437
434
268
273
270
267
274
265
266
271
434
436
270
267
273
268
267
271
270
267
269
273
268
271
273
269
272
268
433
434
268
273
270
266
266
270
274
270
270
266
267
272
270
267
269
273
266
270
274
268
269
273
269
268
438
433
266
269
268
271
274
269
270
266
269
272
281
302
264
265
263
268
432
431
268
264
264
265
264
268
266
264
430
435
272
268
270
269
267
273
268
271
270
268
272
270
267
269
270
268
434
437
268
270
278
267
268
270
272
268
437
435
269
272
273
269
267
271
269
273
270
268
270
269
269
272
268
271
437
435
269
273
270
269
273
268
269
271
435
436
271
269
273
269
268
270
270
268
268
273
268
270
272
269
274
268
434
435
268
273
269
268
268
271
272
269
270
267
268
273
268
273
270
267
272
268
268
271
270
267
268
272
434
435
272
268
273
268
269
271
268
273
271
267
268
270
272
268
270
268
435
437
269
270
269
269
270
267
269
273
435
434
269
270
268
271
271
286
295
287
269
274
268
270
273
316
524
423
471
431
273
269
268
273
273
270
267
271
435
437
270
269
267
269
273
268
270
266
268
273
268
272
270
268
273
268
432
435
271
267
268
273
267
270
273
267
435
434
269
273
268
271
274
268
269
273
270
267
272
268
266
270
270
271
437
434
270
266
270
273
273
268
268
270
270
274
269
267
267
270
273
269
270
268
269
272
273
268
267
270
434
437
271
267
273
267
268
273
266
270
275
265
268
273
271
267
273
268
433
436
268
273
271
266
273
268
267
272
435
434
268
272
268
270
272
267
272
268
267
270
268
273
271
266
267
271
436
433
270
268
269
272
271
268
269
274
433
434
273
269
269
273
270
266
273
268
267
271
267
270
272
268
271
267
434
436
272
270
267
269
269
273
269
266
436
435
267
270
268
273
271
267
268
270
273
269
270
268
268
273
269
272
436
434
272
269
268
270
270
267
268
273
268
269
273
267
273
269
266
270
269
273
270
267
266
271
273
268
435
432
269
273
268
272
270
267
272
269
268
271
269
266
269
274
267
270
439
434
271
266
268
273
267
270
273
268
435
436
271
268
275
268
267
270
267
270
272
268
270
266
268
272
273
270
433
435
268
273
270
269
268
272
270
267
437
434
267
270
269
271
269
273
263
271
273
269
273
267
267
270
268
273
435
434
267
270
272
269
270
267
268
272
433
434
273
269
269
268
268
273
272
269
267
270
268
273
271
267
270
266
435
437
268
269
295
269
268
273
270
268
272
267
268
271
268
269
272
268
271
267
268
272
273
268
268
271
433
436
269
266
270
268
268
272
266
271
273
268
268
272
269
268
272
268
433
434
269
272
270
267
273
267
266
271
435
433
268
273
267
270
273
269
273
268
267
269
268
273
269
267
267
270
436
433
270
268
269
272
271
266
268
272
433
435
272
269
268
273
271
268
273
269
267
270
267
269
271
269
271
266
434
435
273
268
266
270
270
273
270
268
437
436
268
270
268
272
271
267
267
271
273
267
270
267
268
274
268
273
435
433
272
290
279
312
267
396
545
399
278
269
301
277
303
311
554
444
340
265
263
289
277
305
270
269
436
